422 109 
592 633 
276 528 
912 578 
789 733 
492 949 
203 556 
288 553 
911 894 
469 203 
782 888 
588 444 
81 896 
455 933 
681 874 
681 288 
681 1 
849 894 
849 556 
671 307 
671 894 
397 625 
815 571 
173 702 
208 933 
208 435 
208 348 
495 854 
426 966 
210 536 
210 900 
209 398 
439 733 
439 492 
841 508 
841 210 
580 782 
483 424 
705 516 
108 343 
605 702 
819 953 
709 869 
504 898 
517 424 
517 966 
517 179 
188 233 
188 958 
188 179 
250 108 
513 397 
773 869 
223 625 
852 312 
811 35 
434 782 
62 86 
170 1 
242 703 
242 62 
948 588 
948 797 
948 376 
115 288 
115 815 
127 709 
65 578 
542 348 
164 961 
164 542 
646 455 
648 588 
596 578 
596 777 
262 703 
262 605 
262 243 
33 819 
298 493 
891 739 
891 588 
891 179 
257 209 
257 617 
795 773 
685 280 
685 298 
116 504 
207 604 
687 33 
331 422 
939 170 
538 841 
3 210 
832 508 
832 81 
832 948 
163 709 
163 147 
417 435 
417 209 
417 852 
875 151 
187 87 
800 454 
800 268 
780 439 
6 754 
6 86 
6 393 
547 780 
160 874 
732 896 
732 482 
579 571 
124 733 
124 644 
124 894 
124 900 
367 874 
367 79 
403 984 
769 536 
769 224 
769 179 
117 349 
306 961 
234 207 
237 243 
237 298 
998 869 
58 703 
58 313 
723 426 
723 360 
723 31 
723 875 
413 268 
995 203 
995 234 
622 838 
216 161 
59 754 
59 224 
59 685 
59 403 
526 349 
526 250 
155 912 
155 79 
848 516 
848 911 
848 335 
848 984 
848 649 
848 998 
848 58 
438 953 
438 756 
438 147 
904 770 
100 605 
100 579 
20 265 
20 904 
499 216 
719 874 
719 912 
719 250 
113 756 
113 623 
182 454 
182 965 
182 208 
182 306 
114 27 
184 896 
184 374 
461 250 
346 875 
484 532 
29 35 
89 187 
193 179 
986 773 
986 116 
983 504 
586 203 
586 173 
586 580 
586 942 
569 644 
569 966 
569 331 
138 517 
138 89 
699 316 
112 208 
112 179 
112 207 
136 965 
136 435 
467 49 
4 719 
266 112 
269 439 
269 207 
679 841 
679 580 
679 332 
530 188 
530 250 
530 124 
530 136 
530 4 
615 473 
615 348 
310 435 
310 269 
889 332 
889 875 
347 633 
347 461 
755 370 
9 108 
9 604 
9 780 
743 671 
122 117 
77 188 
677 170 
677 493 
677 100 
478 18 
478 596 
478 129 
478 936 
478 986 
641 782 
641 170 
923 114 
395 223 
959 438 
323 648 
323 484 
64 261 
64 438 
408 773 
408 832 
408 117 
340 898 
340 51 
581 196 
598 854 
598 179 
753 536 
753 723 
753 20 
576 297 
576 62 
570 132 
570 942 
329 269 
329 64 
742 439 
742 685 
742 265 
742 780 
711 288 
806 397 
806 4 
907 493 
159 644 
159 933 
159 259 
159 576 
883 64 
975 898 
975 461 
448 360 
448 9 
940 579 
940 237 
692 581 
466 461 
74 216 
169 362 
169 183 
169 346 
169 347 
361 852 
863 664 
863 124 
175 422 
175 370 
437 976 
437 516 
437 196 
758 376 
758 482 
757 100 
656 553 
656 113 
635 297 
635 819 
635 732 
635 193 
635 711 
873 170 
873 538 
873 467 
873 370 
60 455 
60 18 
60 59 
987 244 
584 203 
584 187 
584 800 
299 605 
299 20 
496 537 
989 223 
214 633 
214 984 
197 644 
197 739 
197 132 
197 755 
539 210 
315 987 
19 556 
19 473 
19 685 
19 584 
713 578 
713 783 
34 838 
34 116 
92 408 
560 592 
560 669 
560 60 
818 223 
818 266 
818 537 
818 214 
338 681 
338 863 
338 818 
813 18 
813 79 
591 874 
591 312 
591 723 
591 263 
735 58 
414 403 
178 936 
178 266 
955 196 
955 467 
665 759 
665 739 
665 942 
665 584 
587 496 
134 874 
134 848 
134 159 
134 560 
991 960 
991 134 
40 926 
40 966 
40 584 
40 665 
334 532 
172 528 
172 739 
172 299 
190 31 
190 266 
241 596 
847 50 
445 360 
445 478 
445 190 
206 360 
110 280 
110 769 
110 806 
110 496 
201 297 
938 508 
938 800 
938 904 
938 711 
938 584 
387 854 
387 770 
387 323 
0 588 
11 208 
11 306 
11 699 
11 361 
11 539 
704 163 
892 454 
892 397 
892 160 
892 361 
964 856 
964 478 
964 537 
895 644 
895 960 
895 665 
26 331 
26 187 
279 169 
279 60 
897 237 
394 81 
394 939 
839 550 
839 108 
273 207 
273 316 
273 873 
273 60 
736 408 
368 81 
368 773 
767 811 
767 298 
826 348 
826 187 
826 975 
425 348 
425 964 
195 537 
676 513 
676 331 
785 439 
165 250 
165 374 
693 376 
443 348 
37 960 
37 736 
952 62 
952 346 
846 961 
787 492 
787 958 
787 322 
787 310 
277 243 
277 570 
123 81 
123 964 
436 118 
833 397 
472 984 
472 240 
238 767 
326 517 
326 948 
326 539 
10 346 
66 536 
66 439 
66 74 
379 435 
379 31 
379 326 
389 495 
389 234 
389 92 
389 735 
527 959 
380 469 
380 984 
380 241 
174 9 
174 437 
174 991 
475 818 
475 591 
902 51 
902 811 
902 649 
902 123 
691 33 
691 417 
691 875 
691 59 
691 499 
691 64 
691 806 
691 174 
176 685 
176 190 
750 346 
446 911 
446 122 
446 692 
821 444 
821 532 
821 184 
728 516 
728 504 
728 408 
728 466 
728 74 
728 165 
654 134 
680 754 
730 703 
730 297 
730 841 
730 183 
730 940 
70 723 
70 679 
70 975 
70 279 
683 709 
683 3 
683 112 
683 165 
463 169 
440 998 
440 315 
440 172 
675 811 
943 233 
943 376 
943 59 
12 777 
12 783 
12 863 
96 455 
96 196 
96 344 
96 273 
104 965 
104 692 
104 446 
158 894 
158 770 
158 758 
929 19 
505 506 
505 26 
842 633 
842 312 
842 20 
842 598 
449 874 
449 665 
205 948 
205 648 
851 868 
851 368 
851 730 
857 444 
674 933 
674 314 
674 532 
674 124 
674 263 
674 560 
549 528 
549 733 
549 504 
549 332 
549 895 
46 896 
46 513 
655 188 
748 439 
748 196 
93 986 
93 431 
698 389 
548 426 
548 306 
471 65 
471 506 
471 77 
471 414 
471 96 
747 989 
631 889 
631 445 
98 773 
98 118 
63 536 
63 777 
63 49 
63 31 
63 417 
63 60 
63 423 
63 631 
293 374 
293 692 
613 526 
613 719 
613 112 
260 823 
260 79 
260 3 
260 216 
430 907 
430 683 
810 703 
810 27 
810 54 
222 439 
222 648 
222 939 
222 3 
222 389 
752 398 
752 592 
752 789 
752 243 
752 584 
816 438 
816 785 
608 31 
534 261 
534 813 
534 631 
882 65 
882 260 
583 702 
583 179 
583 769 
583 64 
583 560 
254 815 
254 484 
388 857 
589 966 
589 723 
589 9 
589 882 
377 864 
42 54 
42 514 
42 895 
920 58 
198 532 
198 560 
541 166 
541 839 
541 283 
541 691 
409 86 
409 894 
409 704 
740 983 
740 496 
740 436 
740 63 
464 769 
807 86 
807 948 
226 644 
226 911 
226 344 
226 417 
226 113 
226 414 
226 17 
342 849 
342 182 
342 158 
342 631 
342 377 
830 958 
830 170 
830 848 
830 940 
830 987 
668 242 
668 29 
684 210 
684 159 
627 514 
855 976 
855 699 
855 548 
762 961 
762 916 
762 596 
762 936 
762 122 
762 735 
762 684 
251 344 
251 234 
251 175 
251 591 
227 393 
227 240 
227 527 
451 155 
451 323 
451 787 
418 398 
418 307 
418 87 
418 664 
418 526 
418 719 
418 699 
418 389 
459 20 
181 398 
181 732 
181 787 
915 528 
915 209 
915 517 
915 758 
915 589 
717 914 
717 417 
717 177 
107 874 
107 961 
107 506 
107 846 
452 854 
452 605 
452 466 
866 530 
866 190 
866 764 
866 728 
866 915 
217 473 
217 723 
217 587 
287 35 
287 622 
287 758 
287 443 
672 33 
672 320 
672 90 
977 116 
977 265 
977 370 
977 377 
652 953 
652 117 
652 783 
652 484 
652 418 
652 90 
626 446 
835 759 
835 907 
498 151 
498 346 
498 669 
824 285 
824 136 
824 851 
574 506 
574 403 
574 368 
574 527 
574 929 
410 87 
410 916 
410 360 
410 711 
410 159 
410 674 
880 508 
880 312 
880 538 
880 769 
928 837 
928 964 
928 174 
928 654 
507 949 
507 492 
507 209 
507 904 
507 806 
507 873 
148 832 
836 759 
836 241 
836 857 
700 852 
700 283 
700 691 
700 730 
204 837 
204 960 
204 425 
204 436 
204 902 
204 740 
529 250 
529 414 
529 107 
881 62 
881 4 
441 482 
441 178 
441 320 
441 498 
353 224 
353 553 
353 124 
353 904 
28 864 
28 201 
142 348 
142 702 
142 948 
142 914 
142 940 
142 665 
865 869 
232 104 
232 396 
941 504 
941 570 
774 655 
774 589 
235 223 
235 795 
488 349 
488 490 
488 891 
488 338 
582 783 
582 778 
582 197 
38 265 
38 138 
38 368 
38 388 
38 855 
701 116 
701 124 
701 112 
701 287 
834 770 
834 182 
925 93 
925 98 
442 87 
442 517 
442 995 
324 367 
324 19 
502 687 
502 20 
502 806 
812 692 
812 23 
416 49 
416 574 
597 335 
597 112 
597 323 
597 92 
41 739 
41 33 
41 283 
41 821 
41 505 
41 42 
215 54 
215 90 
219 233 
219 172 
219 217 
853 615 
853 665 
303 261 
303 795 
303 582 
45 516 
45 4 
45 598 
45 92 
45 425 
45 104 
972 800 
972 717 
972 452 
544 469 
544 649 
544 329 
544 389 
544 96 
788 868 
788 942 
788 581 
788 379 
788 107 
690 769 
690 326 
690 446 
690 96 
690 548 
476 136 
476 28 
727 70 
727 498 
620 96 
620 449 
979 238 
149 896 
149 209 
149 652 
600 492 
600 62 
992 434 
992 335 
992 892 
992 217 
670 398 
670 331 
21 795 
21 63 
15 108 
15 769 
383 730 
383 442 
295 513 
295 665 
202 254 
373 422 
373 517 
373 914 
328 426 
328 108 
328 646 
328 656 
328 443 
133 312 
133 277 
359 1 
359 539 
359 222 
359 373 
945 504 
945 960 
945 538 
945 124 
945 374 
945 478 
945 440 
945 42 
616 743 
616 323 
616 758 
296 513 
296 260 
55 900 
55 665 
55 830 
55 672 
289 588 
289 538 
289 787 
289 943 
289 464 
289 507 
796 349 
796 434 
796 769 
796 755 
796 866 
585 331 
585 952 
585 637 
200 11 
200 529 
801 604 
801 770 
390 87 
390 664 
390 393 
390 635 
390 326 
390 99 
985 173 
985 127 
985 161 
985 136 
985 755 
985 388 
562 244 
562 360 
562 923 
562 915 
791 911 
352 261 
352 692 
352 471 
352 204 
612 681 
612 849 
612 138 
612 699 
612 206 
612 93 
611 777 
611 625 
611 953 
611 841 
199 484 
199 587 
199 70 
887 288 
887 29 
887 959 
477 193 
477 986 
477 627 
294 178 
294 388 
712 900 
712 835 
712 45 
712 788 
382 203 
382 4 
382 471 
382 353 
382 812 
154 454 
154 868 
154 889 
154 19 
154 235 
792 316 
792 584 
792 945 
763 224 
763 529 
954 958 
954 367 
954 190 
954 853 
734 596 
734 986 
734 112 
734 77 
734 945 
734 612 
491 526 
491 783 
491 40 
491 241 
146 790 
447 32 
447 265 
447 472 
447 488 
993 27 
993 848 
993 684 
697 942 
697 370 
697 373 
354 438 
354 484 
354 929 
354 289 
354 146 
358 914 
358 503 
358 441 
358 359 
282 869 
282 709 
282 998 
282 215 
595 933 
595 482 
595 732 
595 783 
264 664 
264 332 
264 995 
264 927 
845 35 
845 506 
845 34 
249 717 
246 288 
246 348 
246 467 
246 190 
246 750 
246 158 
737 797 
737 914 
737 975 
737 214 
267 235 
267 979 
662 702 
662 370 
662 767 
662 941 
802 161 
802 31 
802 995 
802 753 
515 756 
515 383 
501 536 
501 79 
501 711 
501 736 
501 972 
319 578 
319 81 
319 240 
319 897 
319 652 
453 644 
453 623 
453 445 
453 425 
412 32 
412 116 
412 752 
412 358 
180 349 
180 795 
180 909 
180 995 
180 622 
180 904 
180 472 
180 204 
180 476 
180 515 
61 216 
61 70 
61 46 
194 949 
194 571 
194 254 
305 664 
305 417 
305 904 
305 826 
305 425 
305 597 
305 308 
405 244 
405 819 
405 298 
405 693 
405 441 
405 616 
186 665 
186 46 
775 482 
775 526 
775 923 
775 720 
775 701 
775 324 
775 979 
775 133 
230 976 
230 542 
230 89 
230 496 
872 641 
872 704 
485 314 
485 483 
485 395 
485 10 
485 148 
485 219 
624 306 
624 9 
624 410 
653 965 
653 493 
653 719 
653 787 
653 324 
653 416 
721 333 
721 35 
721 64 
721 560 
721 452 
290 983 
290 530 
290 821 
489 122 
489 977 
57 933 
57 837 
57 782 
640 280 
640 268 
640 438 
640 637 
275 894 
275 891 
275 430 
899 649 
899 332 
899 23 
406 237 
406 813 
406 676 
406 693 
406 66 
406 25 
406 249 
406 501 
406 57 
632 233 
632 108 
632 669 
766 966 
766 635 
766 235 
766 853 
809 836 
876 911 
876 743 
876 443 
876 534 
876 217 
876 194 
433 702 
433 250 
433 506 
433 117 
433 719 
433 446 
433 740 
433 836 
798 588 
798 19 
798 410 
520 692 
520 656 
520 107 
524 242 
524 699 
524 847 
524 70 
337 874 
337 313 
337 560 
245 852 
245 579 
245 19 
245 418 
245 477 
629 592 
629 155 
629 813 
629 488 
629 925 
629 670 
859 173 
859 184 
859 74 
859 574 
694 164 
694 800 
694 626 
694 25 
135 370 
135 598 
135 414 
135 833 
599 149 
905 830 
905 227 
905 672 
890 580 
890 914 
890 293 
300 888 
300 123 
407 927 
407 177 
407 447 
407 993 
407 775 
567 605 
567 251 
567 700 
870 800 
870 308 
593 233 
593 685 
593 293 
593 812 
820 571 
820 65 
820 463 
820 407 
16 966 
16 984 
16 265 
16 780 
16 367 
16 864 
16 581 
16 15 
602 109 
602 155 
602 674 
602 835 
602 219 
39 393 
39 895 
39 90 
878 243 
878 656 
878 142 
716 403 
716 586 
716 749 
716 379 
716 431 
716 698 
716 377 
817 888 
817 811 
817 665 
817 620 
606 155 
606 665 
369 983 
369 4 
369 938 
369 654 
369 541 
369 359 
369 697 
521 779 
521 685 
521 399 
521 379 
981 276 
981 796 
981 809 
357 109 
357 528 
357 733 
357 208 
357 648 
357 981 
421 285 
421 122 
421 414 
594 208 
594 537 
594 654 
594 382 
594 595 
225 31 
225 138 
903 779 
903 773 
903 127 
903 412 
304 203 
304 285 
304 521 
731 592 
731 576 
731 991 
731 880 
879 307 
879 322 
879 826 
879 45 
879 149 
564 176 
564 574 
564 303 
564 585 
564 878 
997 379 
997 802 
997 602 
355 623 
355 92 
355 750 
695 517 
695 530 
695 11 
695 226 
44 998 
44 692 
44 66 
5 704 
5 897 
5 230 
281 553 
281 868 
281 691 
980 852 
980 170 
980 542 
980 631 
910 343 
910 815 
910 299 
910 740 
910 382 
311 633 
311 65 
311 579 
311 684 
311 180 
311 57 
321 182 
321 975 
321 693 
321 977 
321 55 
401 312 
401 208 
401 58 
401 730 
401 158 
932 108 
932 624 
106 37 
106 582 
590 764 
590 915 
590 15 
590 697 
465 976 
465 173 
465 170 
465 18 
465 342 
465 57 
22 426 
22 354 
22 485 
22 521 
663 852 
663 190 
330 138 
330 752 
330 296 
330 521 
814 33 
814 684 
162 949 
162 490 
162 773 
162 31 
162 675 
162 357 
924 454 
924 108 
924 665 
924 447 
924 245 
248 175 
248 654 
248 142 
248 993 
168 214 
356 288 
356 958 
356 23 
356 464 
660 889 
660 181 
660 324 
660 653 
660 57 
660 593 
877 538 
877 904 
877 537 
877 442 
962 987 
962 235 
962 812 
509 961 
509 948 
509 361 
509 355 
557 331 
557 534 
557 652 
557 498 
557 410 
557 817 
427 932 
533 586 
533 277 
325 633 
325 288 
325 208 
325 832 
325 122 
325 683 
325 296 
480 234 
480 514 
657 268 
657 206 
657 42 
212 739 
212 346 
212 219 
212 620 
212 319 
212 814 
688 184 
688 615 
688 442 
638 848 
638 340 
638 28 
638 731 
967 288 
967 712 
563 911 
563 560 
563 945 
500 338 
500 134 
500 416 
500 162 
302 435 
302 3 
302 902 
302 981 
229 416 
229 653 
428 911 
126 483 
126 995 
126 448 
126 175 
126 637 
126 834 
126 352 
126 245 
512 244 
512 207 
512 914 
512 100 
512 699 
512 491 
512 657 
460 588 
460 583 
460 880 
460 328 
951 681 
951 646 
951 692 
951 752 
951 589 
951 834 
951 149 
951 899 
893 108 
893 216 
893 889 
385 888 
385 789 
385 31 
385 735 
385 181 
799 671 
799 64 
799 46 
799 260 
384 208 
384 65 
384 344 
384 813 
384 410 
384 61 
384 405 
366 32 
366 783 
366 448 
366 34 
366 394 
366 845 
366 509 
76 635 
76 787 
76 810 
76 452 
771 40 
771 23 
771 748 
771 500 
706 116 
706 986 
706 989 
706 352 
706 981 
284 3 
284 205 
284 388 
284 701 
284 638 
906 413 
906 983 
906 389 
906 683 
906 409 
906 405 
220 742 
220 445 
220 846 
220 353 
220 324 
220 817 
101 679 
101 590 
141 676 
554 132 
554 778 
575 837 
575 749 
575 249 
139 894 
139 782 
139 210 
139 868 
139 410 
327 424 
327 986 
327 379 
327 675 
327 763 
327 802 
327 946 
327 369 
91 519 
91 604 
91 579 
91 117 
91 283 
91 915 
91 41 
91 168 
561 483 
561 868 
561 778 
561 740 
561 670 
561 599 
143 823 
143 259 
143 201 
143 394 
143 748 
119 209 
119 31 
119 735 
119 0 
119 325 
119 688 
67 109 
67 503 
67 611 
67 230 
43 811 
43 891 
43 485 
982 127 
982 764 
982 785 
982 833 
982 359 
982 524 
971 222 
947 863 
947 672 
947 640 
947 817 
156 625 
156 592 
156 34 
156 425 
156 574 
372 340 
372 836 
402 431 
402 372 
120 297 
120 625 
120 87 
120 426 
120 58 
120 936 
120 9 
120 616 
120 509 
120 143 
400 343 
400 100 
400 440 
400 308 
400 893 
678 425 
678 245 
678 39 
678 44 
710 109 
710 516 
710 426 
710 108 
710 285 
710 19 
710 704 
710 251 
710 135 
292 896 
292 312 
292 117 
292 74 
292 198 
292 451 
292 992 
292 61 
511 209 
511 735 
511 853 
511 792 
511 606 
970 754 
970 387 
970 423 
970 788 
970 562 
970 154 
974 955 
974 816 
974 668 
974 447 
150 773 
150 604 
150 33 
150 732 
150 927 
150 816 
886 936 
886 416 
944 933 
944 892 
944 866 
944 5 
83 1 
83 517 
83 863 
83 640 
555 306 
555 749 
555 356 
999 854 
999 897 
999 549 
999 154 
867 329 
867 857 
867 734 
867 491 
867 533 
621 138 
621 178 
621 574 
621 133 
621 366 
345 264 
102 679 
102 907 
102 418 
102 992 
128 439 
128 488 
751 297 
751 463 
751 452 
751 353 
751 544 
13 483 
13 987 
13 763 
13 302 
97 115 
97 902 
97 771 
97 345 
145 911 
145 649 
145 129 
145 959 
145 863 
145 283 
145 430 
145 845 
551 3 
551 936 
551 428 
551 156 
707 664 
707 514 
707 118 
707 463 
707 204 
707 352 
707 721 
707 83 
760 312 
760 170 
339 933 
339 569 
339 864 
339 598 
339 570 
339 787 
339 541 
339 226 
339 621 
659 648 
659 163 
659 532 
659 582 
659 106 
350 454 
350 65 
350 380 
350 824 
350 834 
350 954 
601 374 
601 322 
601 273 
601 186 
601 564 
666 209 
666 987 
666 802 
36 749 
36 677 
36 895 
36 511 
189 343 
189 664 
189 794 
189 158 
189 929 
189 872 
189 321 
189 512 
840 528 
840 312 
840 408 
840 385 
840 886 
157 399 
157 217 
784 874 
784 665 
784 507 
784 721 
784 876 
256 526 
256 361 
256 712 
432 536 
432 526 
432 238 
432 814 
479 560 
479 195 
105 109 
105 4 
105 146 
105 695 
470 329 
470 328 
470 893 
80 182 
80 851 
80 107 
80 706 
689 359 
689 289 
545 210 
545 920 
545 354 
545 716 
545 284 
545 189 
253 529 
973 475 
973 611 
458 446 
458 748 
458 232 
419 257 
419 995 
419 665 
935 754 
935 397 
935 129 
935 299 
935 514 
935 338 
935 452 
935 295 
935 300 
935 384 
137 188 
137 818 
137 527 
708 335 
708 160 
708 998 
708 324 
996 297 
996 912 
996 984 
996 154 
996 981 
996 248 
978 749 
978 77 
978 80 
768 762 
768 418 
768 355 
922 680 
922 300 
661 896 
661 113 
661 981 
610 886 
522 483 
522 434 
522 616 
522 57 
522 135 
522 229 
522 156 
850 298 
850 700 
850 951 
850 384 
543 79 
543 263 
543 195 
543 796 
619 87 
619 62 
619 194 
619 220 
776 62 
776 346 
776 323 
776 727 
776 402 
776 522 
510 896 
510 953 
510 79 
510 544 
510 859 
510 967 
510 678 
317 244 
317 681 
317 362 
317 277 
317 672 
317 324 
317 41 
317 284 
317 432 
317 470 
336 633 
336 974 
568 942 
568 425 
568 977 
568 970 
744 20 
744 895 
744 148 
744 355 
84 633 
84 216 
84 464 
84 447 
84 180 
84 653 
84 145 
647 31 
647 66 
647 205 
647 296 
647 479 
75 27 
75 955 
75 359 
75 905 
364 180 
364 300 
364 479 
386 705 
386 166 
386 478 
386 902 
386 451 
386 305 
270 244 
270 335 
270 615 
270 959 
270 12 
270 653 
805 360 
805 942 
805 778 
805 175 
805 813 
85 669 
85 15 
85 820 
381 733 
381 358 
381 480 
786 852 
786 581 
786 238 
786 475 
786 997 
786 157 
658 115 
658 665 
658 767 
658 118 
658 287 
658 119 
658 974 
658 922 
247 454 
247 939 
247 129 
247 907 
247 26 
247 96 
247 929 
247 549 
247 83 
968 633 
968 578 
968 87 
968 469 
968 995 
968 576 
968 938 
968 389 
968 690 
968 593 
968 281 
968 512 
968 432 
125 773 
125 939 
125 437 
125 287 
125 412 
125 311 
125 707 
125 522 
523 455 
523 417 
523 198 
523 148 
523 611 
577 396 
577 662 
577 489 
577 768 
291 863 
291 443 
291 123 
291 920 
291 511 
111 987 
111 613 
746 895 
746 436 
746 345 
746 601 
746 786 
218 623 
481 38 
481 303 
481 585 
481 594 
481 220 
822 617 
822 677 
822 955 
822 93 
822 222 
822 287 
822 69 
963 430 
963 734 
963 304 
963 366 
130 349 
130 584 
130 90 
130 593 
88 31 
88 794 
88 174 
88 12 
88 284 
858 815 
858 819 
858 112 
858 107 
858 324 
858 491 
525 891 
525 855 
525 510 
861 530 
861 60 
861 830 
861 350 
884 949 
884 606 
884 551 
573 484 
573 641 
573 847 
573 877 
573 67 
718 869 
718 773 
718 769 
718 466 
718 964 
718 834 
718 802 
718 606 
718 125 
718 577 
741 516 
741 851 
741 918 
741 416 
741 133 
741 796 
741 660 
255 187 
255 584 
255 813 
255 764 
255 855 
255 321 
255 432 
255 247 
871 175 
871 991 
871 387 
871 409 
871 941 
871 922 
919 348 
919 196 
919 506 
919 166 
919 560 
919 217 
919 358 
919 465 
919 533 
192 856 
192 216 
192 44 
808 569 
808 656 
808 810 
808 595 
808 981 
808 91 
808 105 
468 516 
468 262 
468 482 
468 719 
468 478 
468 165 
468 534 
468 289 
913 933 
913 37 
913 238 
913 902 
913 446 
913 857 
913 993 
56 129 
56 299 
56 839 
56 366 
56 922 
450 960 
450 234 
450 998 
450 29 
278 436 
278 918 
278 741 
639 960 
639 778 
639 449 
639 727 
639 15 
639 141 
391 469 
391 62 
391 322 
391 155 
391 641 
391 278 
729 464 
729 694 
917 65 
917 769 
917 23 
917 67 
917 56 
474 693 
474 200 
474 186 
609 782 
609 393 
609 868 
609 447 
931 912 
931 293 
931 251 
931 899 
47 307 
47 818 
47 104 
47 254 
47 354 
47 731 
47 355 
47 510 
47 822 
607 434 
607 539 
607 388 
607 451 
607 477 
607 308 
607 573 
908 733 
908 992 
908 384 
908 741 
714 847 
714 654 
726 739 
726 324 
726 119 
153 117 
153 448 
153 205 
153 834 
103 454 
103 504 
103 238 
103 352 
211 550 
211 541 
211 302 
211 621 
988 625 
988 108 
988 269 
988 23 
988 433 
228 528 
228 536 
228 435 
228 169 
228 928 
829 344 
829 169 
829 281 
272 169 
272 818 
272 222 
272 574 
272 887 
272 610 
272 858 
78 86 
78 833 
78 503 
78 146 
78 629 
78 609 
628 349 
628 733 
628 493 
628 723 
628 112 
628 520 
628 357 
628 480 
628 364 
628 111 
462 841 
462 596 
462 652 
462 200 
462 308 
167 923 
167 656 
167 584 
167 334 
167 158 
937 556 
937 516 
2 49 
2 323 
2 311 
2 428 
2 906 
934 46 
934 63 
934 39 
252 130 
901 896 
901 434 
901 697 
341 475 
341 228 
651 87 
651 374 
651 347 
651 654 
651 977 
651 731 
651 568 
651 85 
531 846 
531 139 
531 47 
48 911 
48 147 
48 683 
48 226 
803 444 
803 705 
803 493 
803 237 
803 929 
803 148 
803 366 
803 386 
375 135 
95 129 
95 46 
95 567 
950 203 
950 35 
950 750 
950 133 
950 520 
950 803 
667 273 
667 574 
667 142 
667 992 
667 712 
765 115 
765 100 
765 9 
765 305 
765 290 
765 521 
765 638 
765 741 
957 648 
957 720 
957 369 
957 71 
213 671 
213 425 
213 675 
213 384 
645 702 
645 752 
645 464 
645 567 
645 317 
645 729 
645 103 
969 889 
969 40 
969 425 
969 118 
969 63 
969 177 
969 970 
969 707 
844 780 
844 160 
844 92 
844 449 
844 249 
603 896 
603 166 
603 116 
603 656 
603 197 
603 369 
603 999 
630 348 
630 243 
630 780 
630 361 
630 17 
630 821 
630 941 
630 937 
94 777 
94 360 
94 569 
94 259 
94 172 
94 830 
94 410 
540 769 
540 537 
540 496 
540 246 
540 545 
572 417 
572 598 
572 338 
572 475 
572 63 
572 217 
572 672 
572 637 
572 872 
572 624 
572 39 
572 978 
572 523 
572 94 
930 571 
930 380 
930 834 
930 21 
930 564 
930 577 
930 525 
930 474 
930 645 
772 217 
772 290 
351 832 
351 526 
351 889 
351 437 
351 110 
351 246 
351 729 
415 262 
415 755 
415 169 
415 863 
415 277 
415 23 
415 613 
415 582 
415 509 
415 480 
171 124 
171 230 
171 951 
171 120 
171 957 
429 483 
429 172 
429 195 
429 61 
429 167 
24 307 
24 361 
8 210 
8 155 
8 240 
8 368 
8 176 
8 788 
486 743 
486 471 
486 980 
486 962 
486 458 
411 823 
411 319 
411 67 
411 944 
411 768 
831 100 
831 591 
831 955 
831 964 
831 28 
831 384 
831 145 
831 645 
457 953 
457 723 
457 323 
457 503 
457 15 
457 405 
457 577 
239 35 
239 133 
239 765 
990 815 
990 393 
990 59 
990 936 
990 488 
990 489 
990 386 
30 511 
30 922 
30 772 
636 283 
636 358 
636 932 
636 886 
636 470 
636 930 
636 24 
650 116 
650 44 
650 72 
650 861 
404 109 
404 108 
404 394 
404 195 
404 227 
404 905 
404 814 
404 768 
404 462 
921 444 
921 268 
921 687 
921 977 
921 294 
921 2 
558 579 
558 679 
558 67 
53 203 
53 839 
53 45 
53 477 
53 61 
53 844 
634 297 
634 517 
634 350 
566 461 
566 138 
566 670 
566 84 
566 667 
309 395 
309 488 
696 234 
696 656 
365 6 
365 499 
365 778 
365 845 
682 580 
682 945 
682 791 
682 405 
682 120 
82 455 
82 361 
82 357 
82 525 
956 349 
956 417 
956 414 
518 915 
518 204 
518 83 
565 571 
565 132 
565 699 
565 329 
565 423 
565 913 
565 831 
724 797 
724 900 
724 376 
724 161 
724 770 
724 734 
724 721 
724 751 
420 476 
420 355 
392 367 
392 216 
738 671 
738 526 
738 987 
738 813 
738 688 
738 302 
738 744 
738 88 
738 917 
68 397 
68 250 
68 811 
68 569 
68 941 
68 632 
68 256 
68 696 
761 932 
761 168 
761 256 
761 518 
231 819 
231 116 
231 374 
231 728 
231 654 
231 287 
231 812 
231 731 
231 561 
231 573 
231 71 
236 444 
236 333 
236 621 
236 765 
236 682 
371 104 
371 359 
371 511 
371 510 
363 422 
363 503 
363 235 
363 621 
363 510 
363 48 
140 791 
140 500 
144 424 
144 948 
144 361 
144 330 
286 508 
286 519 
286 166 
286 983 
286 463 
286 541 
286 126 
286 141 
286 968 
191 898 
191 244 
191 550 
191 596 
191 984 
191 962 
191 744 
559 233 
559 496 
559 583 
559 915 
559 485 
559 509 
559 969 
121 882 
121 412 
121 385 
121 278 
715 408 
715 197 
715 443 
715 84 
715 125 
715 718 
52 340 
52 833 
52 373 
52 522 
52 609 
52 908 
14 482 
14 423 
14 281 
14 272 
14 82 
827 832 
827 548 
827 589 
827 442 
827 906 
827 935 
843 190 
843 123 
843 99 
843 600 
673 86 
673 20 
673 329 
673 589 
673 38 
673 225 
673 121 
722 961 
722 547 
722 749 
722 471 
722 275 
722 520 
722 744 
722 381 
722 167 
73 918 
73 383 
73 689 
73 708 
73 68 
271 280 
271 756 
271 783 
271 570 
271 762 
271 442 
271 515 
271 860 
152 287 
152 690 
152 612 
994 685 
994 879 
994 44 
994 486 
781 894 
781 623 
781 166 
781 403 
781 15 
781 640 
781 144 
546 473 
546 166 
546 964 
546 180 
546 245 
546 375 
686 819 
686 59 
686 77 
686 598 
686 570 
686 246 
686 191 
804 508 
804 846 
804 267 
804 212 
804 336 
804 577 
804 82 
614 20 
614 576 
614 656 
614 273 
614 36 
614 651 
378 398 
378 244 
378 259 
378 964 
378 464 
378 717 
378 498 
378 865 
378 774 
378 171 
378 558 
301 782 
301 464 
301 256 
643 756 
643 338 
643 471 
643 430 
643 464 
643 235 
643 420 
643 52 
862 424 
862 821 
862 534 
862 707 
862 628 
862 901 
793 362 
793 938 
793 123 
793 93 
793 459 
793 300 
793 746 
793 82 
745 649 
745 995 
745 964 
745 104 
745 877 
745 292 
745 558 
318 151 
318 347 
318 496 
318 847 
318 16 
318 951 
318 974 
318 963 
618 976 
618 911 
618 504 
618 331 
7 815 
7 370 
7 310 
7 416 
7 784 
7 990 
7 363 
274 210 
274 482 
274 147 
274 484 
274 748 
274 304 
274 91 
274 776 
494 806 
494 758 
494 635 
494 315 
494 826 
494 406 
494 878 
494 573 
494 351 
494 843 
494 73 
456 65 
456 752 
456 308 
456 256 
456 144 
487 856 
487 343 
487 208 
487 196 
487 482 
487 989 
487 472 
487 388 
487 695 
487 56 
487 518 
825 109 
825 313 
825 136 
825 190 
825 387 
825 249 
825 624 
825 879 
642 1 
642 74 
642 99 
642 717 
642 932 
642 48 
221 912 
221 285 
221 104 
221 498 
221 594 
221 724 
885 116 
885 197 
885 527 
885 44 
885 957 
885 415 
552 596 
552 437 
552 299 
552 920 
552 90 
552 382 
552 5 
552 130 
552 456 
535 307 
535 27 
535 530 
535 929 
535 227 
535 294 
535 738 
535 378 
497 394 
497 935 
497 510 
497 808 
497 351 
725 169 
725 481 
725 363 
725 286 
828 702 
828 96 
828 254 
828 600 
828 602 
828 808 
828 71 
