579 88 
111 827 
340 188 
75 215 
945 938 
721 216 
597 774 
295 16 
883 329 
416 597 
106 22 
499 606 
633 210 
595 471 
47 426 
47 295 
47 508 
286 329 
286 774 
808 909 
808 329 
747 791 
177 374 
644 440 
850 471 
850 665 
850 843 
38 669 
569 189 
983 784 
983 993 
357 624 
28 938 
28 721 
639 753 
639 983 
760 106 
243 401 
183 383 
572 630 
338 440 
712 76 
650 670 
705 928 
406 401 
406 189 
406 529 
889 384 
889 551 
889 529 
982 572 
962 747 
981 670 
349 791 
320 137 
974 1 
321 106 
168 919 
818 508 
526 130 
526 168 
687 499 
687 226 
687 119 
967 295 
967 177 
480 650 
460 215 
481 843 
234 230 
234 481 
108 595 
781 499 
759 215 
759 542 
691 130 
691 338 
691 965 
370 712 
296 300 
117 588 
117 499 
117 529 
642 357 
642 431 
696 981 
956 787 
956 296 
441 705 
378 905 
933 370 
89 579 
814 818 
975 639 
679 983 
768 753 
768 633 
768 687 
567 650 
567 43 
293 665 
293 357 
293 320 
829 785 
580 128 
434 524 
434 274 
380 28 
737 209 
737 919 
737 618 
512 380 
525 426 
388 210 
388 152 
66 374 
337 938 
337 259 
337 329 
337 993 
334 426 
334 127 
219 362 
376 784 
376 852 
376 529 
57 313 
121 230 
601 378 
915 965 
915 296 
258 670 
289 130 
289 620 
979 569 
979 952 
979 63 
979 829 
427 274 
459 597 
459 601 
396 484 
48 693 
703 209 
703 852 
703 956 
703 219 
646 313 
646 982 
788 75 
788 127 
405 383 
405 883 
405 954 
405 362 
405 346 
405 258 
405 289 
354 76 
354 410 
354 43 
806 444 
277 338 
277 66 
605 382 
605 806 
841 48 
312 426 
312 75 
312 982 
248 410 
248 984 
689 524 
689 619 
689 850 
689 121 
932 996 
143 210 
143 195 
702 982 
301 829 
134 566 
708 1 
680 580 
587 529 
58 981 
58 441 
225 705 
240 597 
240 644 
240 760 
240 510 
961 259 
961 189 
961 89 
837 406 
837 680 
17 561 
685 850 
685 529 
685 378 
857 619 
857 665 
537 46 
666 312 
418 685 
390 28 
390 378 
599 639 
599 760 
599 64 
68 889 
68 982 
68 337 
68 857 
68 666 
280 719 
280 843 
917 665 
917 390 
281 64 
281 829 
170 827 
170 702 
323 500 
477 572 
477 905 
477 380 
397 808 
150 57 
834 889 
540 818 
540 300 
540 277 
79 23 
79 759 
79 641 
79 571 
79 58 
710 106 
710 818 
287 932 
751 349 
32 354 
409 781 
409 134 
501 986 
501 354 
925 981 
925 768 
925 57 
21 928 
21 929 
232 794 
81 669 
81 529 
811 784 
811 979 
811 605 
699 603 
699 168 
254 469 
254 510 
727 390 
727 501 
688 28 
688 956 
688 382 
688 380 
558 295 
960 747 
960 666 
577 300 
33 259 
33 471 
33 487 
33 699 
575 501 
50 928 
50 702 
450 952 
450 477 
264 66 
264 915 
698 232 
231 702 
207 48 
621 819 
621 970 
621 301 
621 170 
153 320 
736 528 
736 337 
908 579 
908 500 
366 492 
366 383 
366 794 
94 119 
94 152 
72 277 
735 16 
735 248 
311 603 
311 712 
311 388 
311 587 
311 558 
411 818 
411 975 
411 537 
411 500 
435 595 
435 23 
435 703 
578 261 
316 597 
316 580 
316 434 
686 338 
686 605 
968 102 
739 349 
18 827 
18 362 
676 259 
676 588 
676 469 
676 323 
166 983 
107 578 
482 774 
482 719 
482 956 
482 316 
790 215 
790 369 
263 484 
263 441 
950 925 
135 111 
135 953 
135 435 
612 349 
612 418 
612 102 
612 18 
466 47 
466 736 
466 612 
35 23 
35 127 
285 426 
285 137 
285 979 
285 6 
55 289 
449 219 
373 571 
373 418 
15 794 
15 537 
433 220 
433 588 
433 510 
433 316 
733 968 
437 426 
437 405 
437 33 
437 135 
563 656 
563 437 
74 602 
74 189 
74 316 
74 433 
942 566 
356 188 
356 588 
356 686 
115 63 
115 418 
40 759 
314 615 
326 952 
326 79 
326 115 
715 952 
456 787 
456 376 
456 960 
456 968 
514 603 
884 753 
884 434 
884 806 
884 558 
884 316 
131 669 
131 444 
131 409 
805 499 
801 850 
801 121 
801 17 
801 153 
801 166 
825 567 
830 524 
830 747 
830 525 
830 153 
518 864 
518 79 
518 102 
319 259 
319 656 
319 433 
310 89 
310 580 
853 621 
853 435 
402 915 
594 633 
594 814 
627 228 
627 572 
645 378 
645 561 
645 411 
645 435 
951 925 
212 633 
212 981 
870 974 
870 296 
815 843 
815 580 
815 50 
176 843 
176 518 
238 102 
885 962 
885 89 
56 28 
756 982 
756 195 
148 119 
835 843 
582 656 
582 951 
158 168 
158 301 
355 230 
298 721 
298 551 
298 729 
298 917 
78 965 
78 254 
786 633 
786 518 
755 608 
935 747 
331 362 
331 741 
749 870 
549 406 
549 687 
549 166 
414 301 
199 784 
199 28 
199 207 
891 665 
891 63 
891 549 
765 38 
765 601 
765 950 
765 55 
590 32 
371 416 
371 362 
371 40 
408 477 
408 366 
408 563 
920 612 
920 285 
550 929 
550 974 
550 346 
550 786 
8 370 
8 293 
8 829 
8 703 
8 841 
8 501 
8 960 
8 408 
278 956 
278 115 
904 301 
365 883 
365 150 
365 698 
964 606 
964 566 
964 143 
743 383 
743 705 
743 925 
743 231 
743 207 
743 756 
419 437 
260 209 
780 130 
780 603 
780 639 
780 970 
780 264 
796 979 
796 599 
796 50 
796 853 
692 650 
692 679 
692 685 
692 756 
895 621 
779 258 
779 107 
779 356 
636 974 
222 384 
222 119 
222 703 
493 542 
493 369 
493 736 
750 595 
750 794 
750 27 
750 645 
49 619 
49 698 
49 365 
844 329 
844 444 
844 94 
660 482 
84 730 
84 310 
165 827 
165 137 
165 605 
165 81 
67 426 
67 433 
303 687 
303 781 
315 309 
315 212 
315 780 
496 606 
213 471 
213 172 
213 566 
213 337 
213 6 
213 135 
941 188 
941 938 
941 705 
941 64 
941 319 
103 210 
103 962 
233 889 
304 28 
304 794 
19 58 
19 271 
772 765 
262 569 
262 121 
948 460 
948 730 
948 834 
948 449 
948 750 
167 739 
454 281 
454 326 
690 981 
690 608 
724 784 
724 542 
724 46 
724 63 
724 293 
724 435 
724 381 
724 454 
861 195 
861 698 
164 646 
164 312 
164 685 
914 683 
914 127 
914 679 
914 48 
649 577 
649 692 
255 130 
255 996 
255 463 
734 28 
734 781 
734 814 
734 679 
734 765 
718 624 
718 111 
718 945 
718 965 
718 316 
272 354 
272 56 
963 63 
596 986 
596 35 
596 454 
923 460 
923 914 
822 440 
822 529 
822 376 
822 501 
822 135 
581 177 
581 134 
182 496 
985 189 
985 979 
985 477 
985 923 
833 758 
351 463 
351 267 
351 319 
294 289 
392 566 
392 135 
129 379 
129 627 
129 93 
129 8 
748 919 
748 329 
748 825 
336 225 
336 968 
336 755 
336 724 
257 376 
995 919 
995 687 
451 259 
451 883 
451 27 
451 293 
451 248 
451 449 
451 403 
221 286 
221 689 
221 844 
221 454 
221 833 
798 551 
798 818 
798 405 
798 264 
798 578 
364 526 
364 708 
902 983 
902 33 
307 267 
147 492 
147 17 
147 262 
173 230 
173 626 
173 759 
173 571 
173 150 
173 55 
173 902 
239 27 
239 601 
239 908 
239 285 
778 618 
778 741 
778 590 
877 788 
877 409 
877 298 
244 624 
244 909 
244 128 
244 528 
244 646 
244 312 
244 17 
244 765 
290 605 
42 624 
42 388 
42 298 
521 188 
521 357 
521 406 
521 94 
521 985 
162 299 
162 293 
162 973 
532 426 
532 230 
532 730 
532 355 
198 669 
198 338 
198 231 
12 68 
12 115 
12 120 
12 743 
12 521 
797 719 
797 979 
797 733 
980 1 
980 396 
980 94 
980 835 
661 370 
661 881 
661 52 
899 441 
899 382 
899 500 
899 833 
186 76 
186 57 
186 369 
186 134 
186 244 
186 52 
896 365 
910 220 
910 577 
539 785 
539 301 
539 953 
657 678 
657 857 
657 315 
880 730 
880 219 
880 212 
880 590 
880 660 
809 128 
809 626 
809 952 
809 558 
809 33 
809 213 
25 753 
25 137 
25 975 
25 376 
398 291 
398 518 
398 408 
398 419 
947 216 
947 721 
947 357 
947 806 
947 960 
947 411 
0 768 
531 220 
531 40 
531 496 
352 320 
352 93 
352 8 
352 780 
452 291 
452 656 
452 176 
452 755 
452 550 
452 336 
746 982 
746 449 
746 532 
519 168 
519 666 
865 152 
865 373 
865 881 
865 539 
386 852 
386 16 
386 337 
386 806 
930 758 
930 514 
707 843 
707 440 
707 687 
707 299 
707 264 
707 433 
252 670 
423 49 
423 900 
851 705 
851 254 
174 233 
174 985 
428 349 
428 696 
704 313 
704 589 
704 117 
704 466 
453 369 
453 60 
453 676 
24 382 
24 837 
24 212 
24 182 
24 147 
443 441 
443 337 
443 685 
443 980 
600 444 
600 689 
417 19 
417 690 
726 128 
726 406 
726 459 
156 334 
156 482 
69 933 
69 605 
69 960 
491 698 
491 204 
770 46 
770 880 
273 954 
273 685 
273 409 
273 950 
194 588 
194 370 
194 93 
194 964 
194 84 
194 351 
744 463 
744 52 
155 384 
155 356 
155 797 
322 280 
322 433 
924 986 
924 696 
924 453 
179 383 
179 666 
179 81 
179 950 
179 176 
179 49 
180 434 
180 162 
180 198 
545 416 
545 346 
545 727 
545 765 
545 750 
761 309 
761 510 
761 232 
761 891 
761 532 
592 376 
592 549 
592 365 
592 750 
592 262 
826 857 
826 930 
976 796 
976 539 
330 750 
330 67 
302 749 
643 210 
643 357 
643 186 
476 721 
476 168 
505 321 
505 954 
505 830 
505 797 
464 624 
464 89 
506 696 
506 724 
570 572 
570 376 
20 780 
20 726 
161 962 
161 433 
41 581 
328 579 
328 406 
328 299 
266 569 
266 572 
266 108 
266 735 
266 835 
868 137 
868 78 
634 508 
634 166 
634 734 
634 328 
105 705 
105 656 
105 975 
105 337 
105 195 
105 79 
105 779 
105 351 
757 397 
757 409 
757 94 
684 962 
684 914 
470 993 
470 433 
470 798 
470 661 
412 499 
412 975 
412 298 
412 222 
412 257 
412 947 
139 313 
139 321 
139 376 
139 323 
139 12 
344 89 
344 158 
344 192 
91 801 
91 746 
842 905 
842 444 
489 128 
489 528 
489 618 
489 311 
489 549 
489 99 
763 644 
763 480 
763 693 
763 857 
763 323 
763 182 
576 261 
576 952 
576 287 
576 521 
157 883 
892 986 
892 698 
892 948 
892 452 
832 47 
832 286 
832 837 
832 17 
832 715 
832 19 
804 542 
804 791 
804 76 
804 639 
866 134 
866 733 
866 796 
792 295 
792 708 
792 32 
990 587 
990 58 
990 307 
345 373 
345 182 
848 993 
848 910 
848 179 
848 761 
966 597 
966 666 
966 948 
966 386 
966 491 
235 524 
235 309 
235 281 
235 482 
235 428 
879 561 
879 316 
879 105 
132 852 
132 746 
34 551 
34 334 
34 115 
34 322 
859 759 
859 58 
859 685 
859 834 
859 105 
859 832 
335 646 
335 369 
335 74 
335 40 
394 635 
333 368 
333 382 
333 331 
333 704 
845 996 
845 405 
845 902 
318 510 
318 500 
318 328 
591 354 
591 134 
591 660 
591 412 
591 394 
838 299 
838 675 
838 865 
838 634 
461 670 
461 650 
461 258 
461 744 
140 471 
140 152 
140 388 
140 369 
988 528 
988 64 
988 459 
988 553 
269 1 
269 730 
269 263 
292 162 
399 295 
399 843 
399 537 
399 115 
399 904 
399 844 
350 226 
350 299 
350 50 
350 18 
673 428 
673 302 
87 440 
87 500 
87 870 
87 851 
445 693 
445 63 
445 459 
445 811 
359 410 
359 20 
538 784 
538 127 
538 558 
538 951 
538 180 
511 215 
511 633 
511 741 
511 402 
511 186 
77 259 
77 984 
77 326 
77 176 
671 368 
671 441 
671 718 
671 838 
339 313 
339 696 
339 53 
339 459 
339 396 
339 806 
339 331 
339 452 
339 826 
339 359 
14 48 
14 796 
14 103 
44 216 
44 374 
44 581 
617 528 
617 293 
617 806 
617 815 
617 176 
617 273 
617 812 
171 261 
171 712 
171 296 
171 148 
171 865 
171 757 
237 433 
237 103 
407 152 
407 646 
407 287 
407 62 
407 443 
407 156 
407 302 
407 868 
873 492 
873 481 
873 680 
873 968 
560 710 
560 825 
598 172 
598 243 
598 751 
598 414 
598 0 
598 155 
638 121 
638 477 
638 809 
860 619 
860 300 
860 312 
860 298 
860 156 
860 770 
113 229 
113 1 
113 501 
113 135 
113 198 
404 225 
404 68 
404 964 
175 150 
175 899 
936 471 
936 291 
936 106 
85 787 
85 274 
85 354 
85 192 
706 329 
706 117 
706 649 
544 346 
544 64 
544 204 
858 915 
858 35 
858 885 
858 148 
858 199 
858 554 
858 292 
858 538 
858 936 
831 384 
831 572 
831 953 
424 189 
424 311 
424 428 
424 322 
823 531 
874 883 
874 397 
874 835 
874 596 
874 797 
874 44 
462 440 
462 982 
462 730 
462 57 
462 312 
462 365 
462 336 
462 531 
372 499 
372 482 
372 809 
742 698 
742 735 
742 532 
347 526 
347 17 
347 314 
347 796 
584 426 
584 620 
584 135 
100 320 
100 66 
100 482 
100 244 
100 990 
847 111 
847 788 
847 35 
847 704 
847 417 
847 464 
279 644 
279 143 
279 207 
279 880 
495 234 
495 434 
495 896 
495 554 
840 500 
840 81 
840 449 
840 935 
541 643 
214 798 
214 778 
214 661 
36 760 
36 299 
36 861 
934 22 
934 786 
701 553 
701 973 
701 333 
701 845 
701 407 
555 338 
555 239 
555 352 
623 434 
623 812 
821 384 
821 956 
821 861 
821 491 
927 374 
927 460 
927 895 
927 701 
51 189 
51 362 
51 382 
51 380 
51 334 
51 758 
51 232 
51 570 
276 88 
276 788 
276 213 
276 910 
276 155 
725 618 
725 319 
725 52 
921 965 
921 735 
921 707 
793 219 
793 240 
793 442 
793 891 
793 271 
793 772 
793 833 
940 22 
940 974 
940 433 
940 330 
61 788 
61 433 
498 225 
498 666 
498 884 
498 419 
498 129 
498 634 
498 318 
517 946 
517 956 
517 305 
517 891 
163 340 
163 139 
163 823 
863 88 
863 188 
863 938 
863 850 
863 781 
863 163 
849 678 
849 150 
849 449 
249 850 
249 102 
249 419 
249 966 
249 140 
133 63 
133 837 
377 946 
377 981 
377 480 
377 671 
854 597 
854 678 
854 517 
425 111 
425 699 
425 563 
425 25 
944 909 
944 729 
944 815 
944 179 
944 643 
332 278 
332 880 
332 924 
332 344 
332 921 
552 891 
552 445 
552 276 
775 984 
775 950 
775 904 
677 406 
677 68 
677 801 
677 451 
562 258 
562 698 
562 199 
611 825 
611 402 
611 873 
439 16 
439 309 
439 8 
502 320 
502 818 
502 481 
502 454 
648 630 
648 177 
648 686 
648 336 
648 966 
543 827 
543 460 
543 66 
543 902 
543 339 
543 936 
828 689 
828 50 
828 148 
828 899 
828 470 
564 137 
564 850 
564 289 
564 780 
564 844 
614 572 
614 638 
534 582 
534 453 
912 120 
912 521 
912 570 
912 318 
886 492 
886 644 
886 818 
886 23 
886 221 
886 936 
361 569 
361 591 
361 598 
361 517 
632 320 
632 115 
628 837 
628 718 
628 684 
628 517 
731 370 
731 902 
887 216 
887 589 
887 981 
887 63 
887 636 
887 863 
654 524 
654 572 
654 433 
654 333 
654 100 
353 908 
353 419 
353 707 
353 845 
971 18 
609 295 
609 551 
609 204 
609 257 
655 281 
655 42 
655 156 
655 860 
655 936 
655 821 
196 975 
196 806 
196 102 
196 726 
604 578 
604 428 
604 491 
400 230 
400 687 
400 153 
400 775 
282 89 
282 596 
282 186 
282 539 
282 809 
282 940 
306 614 
507 240 
507 78 
548 827 
548 295 
548 850 
548 768 
548 150 
548 692 
548 684 
762 601 
762 267 
622 274 
622 715 
622 351 
681 588 
681 301 
681 155 
681 330 
681 511 
681 731 
717 143 
717 280 
717 726 
613 405 
613 21 
613 930 
613 425 
533 295 
533 848 
882 883 
882 135 
882 105 
141 466 
141 437 
141 770 
141 887 
711 665 
711 679 
711 550 
711 163 
92 770 
92 860 
270 883 
265 243 
265 459 
265 450 
265 908 
265 192 
265 600 
265 892 
265 100 
520 261 
520 378 
520 299 
520 277 
520 17 
520 335 
520 622 
308 499 
308 822 
308 25 
308 266 
467 47 
467 108 
467 698 
467 718 
467 985 
467 600 
467 643 
467 544 
583 572 
583 48 
583 281 
95 22 
95 945 
95 63 
95 55 
95 42 
754 808 
754 501 
754 103 
754 914 
906 850 
906 460 
906 27 
906 35 
906 809 
906 14 
906 171 
766 368 
766 369 
766 450 
766 263 
766 594 
766 269 
766 400 
211 311 
211 298 
211 255 
211 198 
810 74 
810 204 
810 304 
810 141 
448 441 
448 58 
448 739 
448 892 
448 163 
795 679 
795 303 
795 182 
795 443 
795 613 
393 427 
393 225 
393 765 
393 692 
393 748 
393 171 
9 688 
9 326 
9 355 
9 386 
9 156 
9 940 
10 599 
10 912 
275 885 
245 469 
245 60 
586 291 
586 442 
586 292 
268 329 
268 106 
268 983 
268 309 
268 809 
488 401 
488 58 
488 891 
488 636 
488 132 
488 445 
488 682 
488 498 
342 937 
342 905 
342 66 
342 57 
342 93 
342 521 
342 194 
342 971 
959 243 
959 309 
959 60 
959 336 
959 464 
959 541 
869 683 
869 487 
869 514 
869 594 
869 304 
360 357 
360 63 
360 55 
360 805 
360 548 
360 717 
181 88 
181 675 
181 804 
181 873 
728 974 
728 117 
728 598 
389 480 
389 120 
389 56 
389 935 
389 634 
389 347 
124 734 
473 736 
473 661 
473 85 
473 940 
251 791 
251 111 
251 263 
251 176 
251 880 
977 21 
977 531 
504 271 
504 977 
662 603 
662 791 
662 128 
662 569 
662 289 
662 571 
662 477 
662 757 
662 400 
662 869 
631 630 
631 277 
631 779 
631 812 
631 583 
205 176 
205 100 
205 725 
205 562 
888 88 
888 383 
888 569 
888 572 
888 678 
888 482 
888 825 
888 239 
888 840 
907 210 
907 137 
907 57 
907 207 
907 392 
907 877 
907 505 
907 14 
535 357 
535 55 
535 322 
535 879 
535 61 
807 209 
807 131 
807 381 
807 761 
807 576 
807 235 
573 15 
573 272 
573 364 
573 333 
875 981 
875 905 
875 370 
875 388 
875 553 
875 272 
31 571 
31 770 
324 471 
324 830 
324 12 
324 611 
375 508 
375 406 
375 736 
375 85 
969 121 
969 442 
969 609 
998 669 
998 402 
998 941 
998 235 
432 727 
432 496 
432 859 
432 335 
432 507 
672 837 
672 373 
672 880 
672 868 
672 766 
789 988 
890 599 
890 577 
890 244 
890 505 
112 28 
112 704 
515 603 
515 895 
515 198 
515 386 
515 545 
816 243 
816 578 
816 132 
816 711 
898 967 
898 550 
898 810 
898 789 
752 883 
752 346 
752 641 
752 32 
752 736 
752 93 
752 649 
752 269 
903 679 
903 571 
903 270 
903 251 
422 528 
422 267 
422 608 
422 895 
422 452 
422 892 
422 113 
422 375 
29 137 
29 818 
740 471 
740 961 
740 758 
740 81 
740 254 
740 298 
740 129 
740 451 
740 672 
862 781 
862 567 
862 566 
862 453 
862 534 
395 524 
395 460 
395 371 
395 657 
395 600 
395 34 
2 195 
2 729 
2 645 
2 237 
2 332 
527 357 
527 578 
527 445 
136 442 
136 540 
136 319 
136 535 
522 630 
522 528 
522 82 
522 844 
522 660 
522 560 
522 828 
522 520 
385 188 
385 137 
385 925 
385 95 
385 31 
45 305 
45 797 
250 426 
250 433 
250 947 
250 113 
250 874 
154 646 
154 153 
154 848 
224 784 
224 646 
224 749 
224 731 
80 135 
80 238 
201 88 
201 666 
201 394 
201 677 
607 727 
607 266 
607 583 
472 689 
472 315 
472 532 
472 448 
556 634 
556 412 
363 983 
363 294 
363 591 
363 793 
363 795 
363 522 
497 746 
325 920 
325 804 
387 365 
387 304 
387 423 
26 642 
26 459 
26 433 
485 209 
485 747 
485 641 
485 686 
485 267 
485 466 
485 198 
485 161 
485 934 
485 906 
629 889 
629 612 
629 590 
839 954 
839 525 
839 258 
839 156 
86 603 
86 75 
86 362 
86 235 
86 163 
86 353 
585 442 
585 834 
585 472 
674 173 
674 244 
674 775 
871 260 
871 934 
348 210 
348 248 
348 163 
455 31 
991 243 
991 321 
991 757 
991 936 
991 840 
991 92 
991 251 
667 296 
667 352 
667 467 
667 906 
483 127 
483 6 
483 238 
483 139 
146 128 
146 168 
146 44 
146 9 
523 168 
523 301 
523 409 
523 976 
523 504 
523 991 
893 210 
893 76 
893 127 
893 545 
893 279 
893 533 
893 205 
4 261 
4 47 
4 819 
4 78 
4 661 
4 156 
4 194 
4 795 
4 224 
4 607 
223 827 
223 573 
358 510 
358 176 
358 899 
358 807 
246 605 
246 319 
246 0 
246 775 
283 827 
283 48 
283 257 
283 333 
283 339 
283 860 
283 752 
856 63 
856 199 
856 303 
856 684 
856 80 
458 996 
458 15 
458 634 
458 214 
764 339 
764 934 
764 80 
178 183 
178 379 
178 79 
178 550 
178 877 
178 617 
200 261 
200 954 
200 280 
200 32 
200 493 
200 860 
616 952 
616 510 
616 60 
616 908 
616 35 
640 953 
640 570 
640 927 
236 938 
236 838 
236 762 
446 320 
446 232 
446 749 
446 920 
446 552 
446 45 
987 967 
987 433 
987 870 
987 608 
987 980 
987 360 
987 573 
987 871 
479 524 
479 814 
479 641 
479 577 
479 310 
479 750 
479 660 
479 941 
479 375 
468 827 
468 215 
468 128 
468 416 
468 459 
468 699 
468 884 
468 765 
468 592 
468 821 
468 439 
468 520 
468 224 
429 981 
429 814 
429 366 
429 980 
429 671 
429 543 
429 422 
429 991 
367 595 
367 293 
367 392 
367 0 
367 804 
11 900 
11 87 
11 175 
11 674 
242 736 
242 835 
242 786 
242 294 
242 535 
872 578 
872 164 
836 319 
836 755 
836 789 
836 2 
836 446 
490 984 
486 24 
486 924 
486 344 
486 249 
486 9 
494 431 
494 540 
494 15 
494 19 
494 734 
494 980 
494 769 
647 649 
647 859 
647 854 
647 766 
142 313 
142 316 
142 52 
142 821 
241 63 
241 82 
241 408 
241 493 
241 795 
516 177 
516 712 
516 685 
516 532 
516 156 
516 335 
694 117 
694 147 
694 893 
513 68 
513 435 
513 798 
513 395 
247 216 
247 61 
247 903 
465 134 
465 710 
465 314 
465 196 
465 181 
421 670 
421 981 
421 376 
421 231 
421 518 
421 600 
421 445 
421 61 
421 429 
421 11 
7 383 
7 315 
7 738 
7 770 
7 868 
7 139 
7 655 
70 580 
70 316 
70 35 
70 120 
70 147 
70 828 
70 224 
70 479 
39 908 
39 563 
39 131 
39 748 
39 851 
39 871 
457 843 
457 794 
457 730 
457 379 
457 135 
457 797 
457 838 
457 886 
457 507 
767 864 
767 48 
767 562 
716 961 
716 735 
716 255 
716 140 
716 163 
716 342 
716 201 
803 383 
803 691 
803 152 
803 312 
803 79 
803 756 
803 596 
803 412 
71 471 
71 582 
71 749 
71 550 
71 365 
71 496 
71 845 
73 641 
73 686 
73 627 
73 766 
73 871 
190 656 
190 601 
190 258 
190 708 
187 755 
187 738 
187 7 
652 656 
652 60 
652 67 
652 976 
652 570 
652 275 
547 416 
547 168 
547 729 
547 788 
547 710 
547 187 
658 257 
658 495 
802 460 
802 376 
802 204 
802 181 
802 73 
123 148 
123 91 
123 237 
695 106 
695 618 
695 309 
695 333 
475 75 
475 861 
475 239 
475 544 
341 909 
341 612 
341 49 
341 581 
341 591 
341 425 
341 775 
341 893 
341 494 
227 321 
227 166 
227 182 
227 877 
227 990 
227 812 
227 465 
901 938 
901 505 
901 906 
901 7 
208 314 
208 419 
713 588 
713 156 
713 360 
777 57 
777 450 
777 303 
777 600 
536 524 
536 705 
536 749 
536 892 
474 228 
474 129 
474 711 
474 672 
3 791 
3 572 
3 390 
3 204 
3 462 
144 188 
144 784 
144 665 
144 621 
144 398 
169 27 
169 621 
169 439 
530 621 
530 612 
530 734 
530 880 
530 792 
530 455 
530 516 
327 919 
327 935 
327 675 
327 394 
327 847 
327 695 
610 313 
610 938 
610 300 
610 979 
610 685 
610 742 
610 863 
610 762 
610 764 
610 872 
994 639 
994 759 
994 186 
994 91 
994 812 
668 287 
668 735 
668 316 
668 942 
668 844 
943 774 
943 383 
253 46 
253 409 
253 543 
253 270 
253 393 
391 103 
391 724 
391 725 
343 142 
957 210 
957 321 
957 318 
651 920 
651 144 
54 128 
54 195 
54 170 
54 419 
54 899 
54 425 
54 358 
54 640 
700 355 
700 268 
700 341 
958 883 
958 43 
958 692 
958 451 
714 606 
714 183 
714 300 
714 915 
714 660 
714 0 
714 766 
714 178 
438 840 
478 641 
478 103 
478 555 
939 597 
939 1 
939 904 
939 868 
939 742 
939 714 
447 645 
447 880 
447 707 
447 505 
447 848 
926 967 
926 277 
926 477 
926 617 
926 404 
926 517 
926 613 
926 7 
878 781 
878 62 
878 498 
878 697 
997 808 
997 176 
997 636 
997 906 
813 440 
813 718 
813 257 
813 555 
813 4 
813 658 
813 536 
59 281 
59 74 
59 176 
59 608 
59 724 
59 973 
59 807 
59 422 
876 380 
876 525 
876 950 
876 67 
876 292 
217 210 
217 379 
217 441 
217 735 
217 676 
217 498 
217 998 
897 843 
897 965 
897 380 
897 153 
897 403 
897 964 
897 851 
897 943 
955 542 
955 952 
955 961 
955 487 
955 356 
955 798 
955 809 
420 376 
420 102 
420 968 
420 399 
420 363 
118 293 
118 81 
118 466 
118 920 
118 724 
118 797 
118 661 
118 192 
118 560 
118 638 
118 725 
118 585 
118 367 
118 955 
197 374 
197 371 
197 600 
197 506 
197 332 
197 11 
197 694 
197 123 
197 813 
999 797 
999 404 
138 768 
138 646 
138 281 
138 366 
138 456 
138 399 
138 658 
637 691 
637 323 
637 621 
637 736 
637 78 
637 204 
637 164 
637 453 
637 400 
637 762 
125 337 
125 873 
125 467 
125 662 
125 878 
800 243 
800 356 
800 238 
800 14 
800 668 
297 909 
297 153 
557 983 
557 788 
557 741 
557 212 
557 278 
557 761 
202 397 
202 948 
202 502 
202 604 
202 387 
37 683 
37 511 
37 181 
37 324 
37 674 
732 277 
732 285 
732 15 
732 518 
732 930 
732 906 
732 752 
732 813 
565 76 
565 979 
565 409 
565 675 
565 570 
565 171 
565 11 
126 1 
126 868 
126 926 
256 177 
256 618 
256 703 
256 571 
256 704 
256 175 
256 178 
978 535 
978 871 
978 999 
799 93 
799 838 
799 614 
799 31 
799 607 
799 197 
799 297 
13 441 
13 562 
13 159 
13 513 
160 88 
160 572 
160 594 
160 238 
160 778 
160 214 
160 731 
160 674 
160 994 
145 606 
145 274 
145 933 
145 899 
145 345 
145 253 
972 66 
972 599 
972 181 
110 597 
110 627 
110 179 
110 990 
110 14 
110 876 
916 603 
916 406 
916 395 
5 702 
5 837 
5 464 
5 283 
5 447 
911 751 
911 704 
317 601 
317 735 
855 737 
855 841 
855 60 
855 269 
151 760 
151 105 
151 157 
151 171 
151 662 
114 595 
114 153 
114 863 
114 694 
104 313 
104 293 
104 449 
116 521 
116 452 
116 375 
98 374 
98 469 
98 17 
98 727 
98 381 
98 71 
98 732 
709 226 
709 993 
709 119 
709 693 
709 444 
709 859 
709 113 
709 515 
184 826 
184 775 
894 334 
894 48 
771 808 
771 646 
771 578 
771 35 
771 717 
771 711 
771 246 
771 241 
771 802 
913 747 
913 982 
913 974 
913 961 
913 851 
913 831 
913 154 
913 317 
745 614 
745 971 
745 154 
745 116 
288 712 
288 441 
288 195 
288 743 
288 419 
288 980 
288 491 
288 425 
288 959 
288 465 
288 697 
218 606 
218 229 
218 672 
218 926 
218 151 
83 49 
83 634 
83 535 
83 893 
931 579 
931 675 
931 428 
931 672 
931 893 
931 958 
782 157 
782 141 
122 401 
122 687 
122 153 
122 628 
503 753 
503 937 
503 379 
503 225 
503 895 
503 129 
503 265 
503 275 
503 468 
659 928 
659 261 
659 228 
659 759 
659 362 
659 604 
659 246 
149 384 
149 968 
149 822 
149 521 
149 598 
149 400 
149 59 
653 923 
653 671 
653 95 
653 187 
817 925 
817 676 
817 835 
817 283 
817 429 
817 421 
922 21 
922 935 
922 328 
922 991 
922 695 
922 901 
185 152 
185 381 
185 439 
185 530 
185 114 
625 768 
625 262 
625 985 
625 726 
625 393 
625 485 
193 115 
193 786 
193 99 
193 476 
820 919 
820 605 
820 727 
820 985 
820 24 
820 133 
820 653 
206 230 
206 512 
206 442 
206 948 
206 706 
206 742 
206 246 
206 236 
206 668 
867 738 
867 20 
867 556 
867 839 
867 913 
546 787 
546 410 
546 369 
546 254 
546 173 
546 726 
546 359 
546 415 
722 980 
722 592 
722 832 
723 956 
723 944 
723 562 
723 202 
430 329 
430 984 
430 379 
430 219 
430 570 
430 85 
430 122 
664 719 
664 379 
664 518 
664 339 
664 100 
664 438 
509 712 
509 703 
509 834 
509 81 
509 254 
509 399 
509 659 
663 753 
663 355 
663 673 
663 681 
663 223 
663 11 
663 114 
203 605 
203 699 
203 735 
203 645 
203 136 
203 54 
568 624 
568 261 
568 487 
568 518 
568 257 
568 162 
568 539 
568 252 
568 174 
568 125 
568 972 
846 106 
846 257 
846 154 
593 410 
593 466 
593 948 
593 649 
593 257 
593 428 
593 184 
593 922 
824 401 
824 964 
824 596 
824 422 
824 610 
824 957 
574 819 
574 884 
574 786 
574 19 
574 290 
574 934 
574 836 
574 114 
783 346 
783 459 
783 518 
783 49 
783 196 
783 907 
783 972 
191 785 
191 170 
191 968 
191 314 
191 51 
191 467 
191 573 
191 647 
109 492 
109 883 
109 705 
109 89 
992 177 
992 500 
992 917 
992 770 
992 250 
992 256 
992 931 
101 983 
101 152 
101 43 
101 134 
101 304 
101 854 
101 342 
101 523 
97 960 
97 94 
97 311 
97 107 
97 815 
97 858 
97 921 
97 465 
97 138 
97 193 
97 867 
949 460 
949 718 
949 812 
949 154 
949 122 
436 864 
436 630 
436 850 
436 794 
436 152 
436 739 
436 331 
436 182 
436 677 
436 73 
436 116 
90 88 
90 620 
90 857 
90 115 
90 131 
90 292 
90 638 
90 944 
284 508 
284 207 
284 99 
284 162 
284 614 
284 958 
918 75 
918 678 
918 49 
918 539 
918 249 
918 709 
30 441 
30 676 
30 590 
30 562 
30 878 
30 637 
65 759 
65 366 
65 686 
65 294 
65 52 
65 966 
65 611 
65 142 
65 949 
413 909 
413 996 
413 68 
413 660 
413 778 
413 345 
413 771 
413 568 
989 594 
989 485 
989 893 
989 716 
989 138 
559 621 
559 486 
559 931 
559 503 
776 440 
776 750 
776 581 
776 476 
776 276 
776 716 
776 697 
