50 229 
831 798 
962 528 
220 578 
789 712 
492 949 
228 498 
288 553 
881 175 
770 228 
469 687 
844 649 
81 979 
504 933 
685 646 
685 288 
685 928 
748 175 
748 498 
614 404 
614 175 
397 343 
815 571 
173 702 
909 933 
909 435 
909 518 
606 854 
666 966 
201 601 
201 203 
703 398 
890 712 
890 492 
841 508 
841 201 
580 469 
117 424 
705 516 
626 115 
808 702 
927 953 
312 869 
668 898 
751 424 
751 966 
751 547 
188 233 
188 209 
188 547 
298 626 
752 397 
773 869 
899 343 
947 271 
805 848 
434 469 
472 86 
959 928 
904 119 
904 472 
255 844 
255 797 
255 444 
221 288 
221 815 
127 312 
331 578 
293 518 
527 961 
527 293 
559 504 
134 844 
89 578 
89 302 
418 119 
418 808 
418 213 
249 927 
250 908 
891 82 
891 844 
891 547 
58 703 
58 617 
795 773 
223 280 
223 250 
735 668 
207 985 
360 249 
463 50 
454 959 
531 841 
665 201 
761 508 
761 81 
761 255 
780 312 
780 147 
455 435 
455 703 
455 947 
268 65 
187 548 
845 620 
845 426 
114 890 
6 599 
6 86 
6 393 
925 114 
825 646 
807 979 
807 482 
579 571 
22 712 
22 644 
22 175 
22 203 
367 646 
367 767 
533 984 
682 601 
682 376 
682 547 
313 41 
74 961 
20 207 
276 213 
276 250 
648 869 
326 119 
326 352 
0 666 
0 368 
0 31 
0 268 
4 426 
60 228 
60 20 
607 838 
216 161 
910 599 
910 376 
910 223 
910 533 
342 41 
342 298 
309 220 
309 767 
860 516 
860 881 
860 647 
860 984 
860 76 
860 648 
860 326 
656 953 
656 303 
656 147 
332 554 
447 808 
447 579 
843 265 
843 332 
955 216 
736 646 
736 220 
736 298 
867 303 
867 623 
788 620 
788 491 
788 909 
788 74 
828 27 
59 979 
59 374 
577 298 
676 268 
274 21 
521 848 
384 187 
439 547 
600 773 
600 735 
474 668 
403 228 
403 173 
403 580 
403 583 
349 644 
349 966 
349 463 
139 751 
139 384 
160 289 
490 909 
490 547 
490 207 
136 491 
136 435 
467 49 
44 736 
235 490 
162 890 
162 207 
605 841 
605 580 
605 240 
530 188 
530 298 
530 22 
530 136 
530 44 
593 473 
593 518 
335 435 
335 162 
889 240 
889 268 
464 798 
464 577 
755 557 
956 626 
956 985 
956 114 
475 614 
122 313 
485 188 
536 959 
536 908 
536 447 
478 80 
478 89 
478 982 
478 936 
478 600 
717 469 
717 959 
923 828 
929 899 
726 656 
323 134 
323 274 
743 261 
743 656 
477 773 
477 761 
477 313 
560 898 
560 405 
826 654 
796 854 
796 547 
387 601 
387 0 
387 843 
740 252 
740 472 
989 291 
989 583 
204 162 
204 743 
760 890 
760 223 
760 265 
760 114 
972 288 
794 397 
794 44 
907 908 
602 644 
602 933 
602 68 
602 740 
911 743 
975 898 
975 577 
448 368 
448 956 
940 579 
940 276 
183 826 
466 577 
629 216 
634 574 
634 723 
634 676 
634 464 
361 947 
863 664 
863 22 
517 50 
517 557 
437 976 
437 516 
437 654 
199 444 
199 482 
590 447 
708 553 
708 867 
635 252 
635 927 
635 807 
635 439 
635 972 
873 959 
873 531 
873 467 
873 557 
64 504 
64 80 
64 910 
224 715 
850 228 
850 187 
850 845 
308 808 
308 843 
920 846 
570 899 
214 798 
214 984 
430 644 
430 82 
430 291 
430 755 
375 201 
315 224 
436 498 
436 473 
436 223 
436 850 
471 578 
471 783 
292 838 
292 735 
92 477 
932 831 
932 960 
932 64 
124 899 
124 235 
124 846 
124 214 
338 685 
338 863 
338 124 
813 80 
813 767 
591 646 
591 271 
591 0 
591 707 
366 326 
153 533 
14 936 
14 235 
246 654 
246 467 
497 174 
497 82 
497 583 
497 850 
407 920 
622 646 
622 860 
622 602 
622 932 
381 669 
381 622 
423 926 
423 966 
423 850 
423 497 
433 21 
30 528 
30 82 
30 308 
54 31 
54 235 
149 89 
847 422 
965 368 
965 478 
965 54 
206 368 
110 280 
110 682 
110 794 
110 920 
210 252 
38 508 
38 845 
38 332 
38 972 
38 850 
461 854 
461 554 
461 323 
112 844 
145 909 
145 74 
145 160 
145 361 
145 375 
544 780 
400 620 
400 397 
400 825 
400 361 
604 339 
604 478 
604 846 
23 644 
23 669 
23 497 
26 463 
26 187 
986 634 
986 64 
301 276 
650 81 
650 454 
839 550 
839 626 
185 207 
185 289 
185 873 
185 64 
645 477 
310 81 
310 773 
874 805 
874 250 
581 518 
581 187 
581 975 
589 518 
589 604 
195 846 
359 752 
359 463 
981 890 
165 298 
165 374 
419 444 
357 518 
3 669 
3 645 
970 472 
970 676 
109 961 
787 492 
787 209 
787 582 
787 335 
277 213 
277 989 
123 81 
123 604 
538 143 
895 397 
507 984 
507 132 
238 874 
155 751 
155 255 
155 375 
10 676 
66 601 
66 890 
66 629 
126 435 
126 31 
126 155 
893 606 
893 20 
893 92 
893 366 
164 726 
991 770 
991 984 
991 149 
212 956 
212 437 
212 381 
67 124 
67 591 
902 405 
902 805 
902 76 
902 123 
202 249 
202 455 
202 268 
202 910 
202 955 
202 743 
202 794 
202 212 
382 223 
382 54 
857 676 
479 881 
479 122 
479 183 
862 649 
862 21 
862 59 
263 516 
263 668 
263 477 
263 466 
263 629 
263 165 
257 622 
680 599 
290 119 
290 252 
290 841 
290 723 
290 940 
70 0 
70 605 
70 975 
70 986 
683 312 
683 665 
683 490 
683 165 
242 634 
924 648 
924 315 
924 30 
97 805 
77 233 
77 444 
77 910 
552 302 
552 783 
552 863 
96 504 
96 654 
96 558 
96 185 
892 491 
892 183 
892 479 
631 175 
631 554 
631 199 
395 436 
505 506 
505 26 
322 798 
322 271 
322 843 
322 796 
449 646 
449 497 
18 255 
18 134 
851 868 
851 310 
851 290 
595 649 
674 933 
674 803 
674 21 
674 22 
674 707 
674 932 
757 528 
757 712 
757 668 
757 240 
757 23 
234 979 
234 752 
655 188 
779 890 
779 654 
93 600 
93 431 
698 893 
87 666 
87 74 
399 331 
399 506 
399 485 
399 153 
399 96 
782 570 
241 889 
241 965 
194 773 
194 143 
63 601 
63 302 
63 49 
63 31 
63 455 
63 64 
63 40 
63 241 
799 374 
799 183 
613 342 
613 736 
613 490 
24 823 
24 767 
24 665 
24 216 
641 907 
641 683 
810 119 
810 27 
810 100 
856 890 
856 134 
856 454 
856 665 
856 893 
324 398 
324 831 
324 789 
324 213 
324 850 
816 656 
816 981 
330 31 
829 261 
829 813 
829 241 
791 331 
791 24 
91 702 
91 547 
91 682 
91 743 
91 932 
254 815 
254 274 
227 595 
425 966 
425 0 
425 956 
425 791 
377 677 
42 100 
42 141 
42 23 
496 326 
741 21 
741 932 
541 33 
541 839 
541 730 
541 202 
817 86 
817 175 
817 544 
5 474 
5 920 
5 538 
5 63 
575 682 
237 86 
237 255 
226 644 
226 881 
226 558 
226 455 
226 867 
226 153 
226 17 
643 748 
643 788 
643 631 
643 241 
643 377 
830 209 
830 959 
830 860 
830 940 
830 224 
722 904 
722 521 
684 201 
684 602 
305 141 
855 976 
855 160 
855 87 
762 961 
762 919 
762 89 
762 936 
762 122 
762 366 
762 684 
251 558 
251 20 
251 517 
251 591 
515 393 
515 132 
515 164 
78 309 
78 323 
78 787 
937 398 
937 404 
937 548 
937 664 
937 342 
937 736 
937 160 
937 893 
459 843 
836 398 
836 807 
836 787 
915 528 
915 703 
915 751 
915 199 
915 425 
470 914 
470 455 
470 432 
107 646 
107 961 
107 506 
107 109 
253 854 
253 808 
253 466 
239 530 
239 54 
239 231 
239 263 
239 915 
769 473 
769 0 
769 407 
90 848 
90 607 
90 199 
90 357 
672 249 
672 320 
672 287 
163 735 
163 265 
163 557 
163 377 
652 953 
652 313 
652 783 
652 274 
652 937 
652 287 
879 479 
166 174 
166 907 
445 65 
445 676 
445 960 
36 894 
36 136 
36 851 
273 506 
273 533 
273 310 
273 164 
273 395 
135 548 
135 919 
135 368 
135 972 
135 602 
135 674 
880 508 
880 271 
880 531 
880 682 
256 311 
256 604 
256 212 
256 257 
971 949 
971 492 
971 703 
971 332 
971 794 
971 873 
148 761 
950 174 
950 149 
950 595 
416 947 
416 730 
416 202 
416 290 
307 311 
307 669 
307 589 
307 538 
307 902 
307 5 
440 298 
440 153 
440 107 
539 472 
539 44 
346 482 
346 14 
346 320 
346 445 
670 376 
670 553 
670 22 
670 332 
178 677 
178 210 
181 518 
181 702 
181 255 
181 914 
181 940 
181 497 
865 869 
232 892 
232 396 
408 668 
408 989 
774 655 
774 425 
266 899 
266 795 
421 41 
421 167 
421 891 
421 338 
500 783 
500 778 
500 430 
108 265 
108 139 
108 310 
108 227 
108 855 
701 735 
701 22 
701 490 
701 90 
834 554 
834 788 
969 93 
969 194 
442 548 
442 751 
442 60 
861 367 
861 436 
942 360 
942 843 
942 794 
812 183 
812 775 
319 49 
319 273 
764 647 
764 490 
764 323 
764 92 
569 82 
569 249 
569 730 
569 862 
569 505 
569 42 
995 100 
995 287 
219 233 
219 30 
219 769 
853 593 
853 497 
710 261 
710 795 
710 500 
45 516 
45 44 
45 796 
45 92 
45 589 
45 892 
248 845 
248 470 
248 253 
549 770 
549 76 
549 204 
549 893 
549 96 
12 868 
12 583 
12 826 
12 126 
12 107 
690 682 
690 155 
690 479 
690 96 
690 87 
671 136 
671 178 
706 70 
706 445 
260 96 
260 449 
896 238 
711 979 
711 703 
711 652 
897 492 
897 472 
556 434 
556 647 
556 400 
556 769 
75 398 
75 463 
532 795 
532 63 
756 626 
756 682 
383 290 
383 442 
691 752 
691 497 
734 254 
39 50 
39 751 
39 914 
47 666 
47 626 
47 559 
47 708 
47 357 
306 271 
306 277 
7 928 
7 375 
7 856 
7 39 
945 668 
945 669 
945 531 
945 22 
945 374 
945 478 
945 924 
945 42 
616 475 
616 323 
616 199 
296 752 
296 24 
55 203 
55 497 
55 830 
55 672 
258 844 
258 531 
258 787 
258 77 
258 575 
258 971 
168 41 
168 434 
168 682 
168 755 
168 239 
688 463 
688 970 
688 402 
52 145 
52 440 
801 985 
801 554 
390 548 
390 664 
390 393 
390 635 
390 155 
390 99 
884 173 
884 127 
884 161 
884 136 
884 755 
884 227 
699 715 
699 368 
699 923 
699 915 
882 881 
413 261 
413 183 
413 399 
413 307 
612 685 
612 748 
612 139 
612 160 
612 206 
612 93 
611 302 
611 343 
611 953 
611 841 
285 274 
285 407 
285 70 
534 288 
534 521 
534 726 
679 439 
679 600 
679 305 
294 14 
294 227 
523 203 
523 166 
523 45 
523 12 
700 228 
700 44 
700 399 
700 670 
700 812 
154 620 
154 868 
154 889 
154 436 
154 266 
158 289 
158 850 
158 945 
753 376 
753 440 
954 209 
954 367 
954 54 
954 853 
849 89 
849 600 
849 490 
849 485 
849 945 
849 612 
727 342 
727 783 
727 423 
727 149 
146 29 
336 526 
336 265 
336 507 
336 421 
993 27 
993 860 
993 684 
697 583 
697 557 
697 39 
354 656 
354 274 
354 395 
354 258 
354 146 
460 914 
460 503 
460 346 
460 7 
824 869 
824 312 
824 648 
824 995 
177 933 
177 482 
177 807 
177 783 
391 664 
391 240 
391 60 
391 819 
800 848 
800 506 
800 292 
259 470 
592 288 
592 518 
592 467 
592 54 
592 857 
592 631 
737 797 
737 914 
737 975 
737 214 
651 266 
651 896 
662 702 
662 557 
662 874 
662 408 
999 161 
999 31 
999 60 
999 387 
567 303 
567 383 
443 601 
443 767 
443 972 
443 645 
443 248 
840 578 
840 81 
840 132 
840 301 
840 652 
43 644 
43 623 
43 965 
43 589 
101 526 
101 735 
101 324 
101 460 
180 41 
180 795 
180 208 
180 60 
180 607 
180 332 
180 507 
180 307 
180 671 
180 567 
61 216 
61 70 
61 234 
15 949 
15 571 
15 254 
138 664 
138 455 
138 332 
138 581 
138 589 
138 764 
138 747 
51 715 
51 927 
51 250 
51 419 
51 346 
51 616 
186 497 
186 234 
750 482 
750 342 
750 923 
750 720 
750 701 
750 861 
750 896 
750 306 
230 976 
230 293 
230 384 
230 920 
912 717 
912 544 
334 803 
334 117 
334 929 
334 10 
334 148 
334 219 
624 74 
624 956 
624 135 
675 491 
675 908 
675 736 
675 787 
675 861 
675 319 
659 333 
659 848 
659 743 
659 932 
659 253 
713 474 
713 530 
713 862 
489 122 
489 163 
57 933 
57 311 
57 469 
934 280 
934 426 
934 656 
934 402 
83 175 
83 891 
83 641 
190 76 
190 240 
190 775 
406 276 
406 813 
406 359 
406 419 
406 66 
406 987 
406 259 
406 443 
406 57 
852 233 
852 626 
852 960 
766 966 
766 635 
766 266 
766 853 
809 950 
876 881 
876 475 
876 357 
876 829 
876 769 
876 15 
179 702 
179 298 
179 506 
179 313 
179 736 
179 479 
179 5 
179 950 
598 844 
598 436 
598 135 
25 183 
25 708 
25 107 
520 904 
520 160 
520 847 
520 70 
337 646 
337 352 
337 932 
295 947 
295 579 
295 436 
295 937 
295 679 
728 831 
728 309 
728 813 
728 421 
728 969 
728 75 
125 173 
125 59 
125 629 
125 273 
694 527 
694 845 
694 879 
694 987 
410 557 
410 796 
410 153 
410 895 
113 711 
905 830 
905 515 
905 672 
977 580 
977 914 
977 799 
300 687 
300 123 
196 819 
196 432 
196 336 
196 993 
196 750 
267 808 
267 251 
267 416 
870 845 
870 747 
356 233 
356 223 
356 799 
356 812 
820 571 
820 331 
820 242 
820 196 
16 966 
16 984 
16 265 
16 114 
16 367 
16 677 
16 826 
16 756 
777 229 
777 309 
777 674 
777 166 
777 219 
328 393 
328 23 
328 287 
878 213 
878 708 
878 181 
992 533 
992 403 
992 749 
992 126 
992 431 
992 698 
992 377 
102 687 
102 805 
102 497 
102 260 
495 309 
495 497 
369 474 
369 44 
369 38 
369 257 
369 541 
369 7 
369 697 
837 11 
837 223 
837 906 
837 126 
140 962 
140 168 
140 809 
586 229 
586 528 
586 712 
586 909 
586 134 
586 140 
104 894 
104 122 
104 153 
502 909 
502 846 
502 257 
502 700 
502 177 
244 31 
244 139 
245 11 
245 773 
245 127 
245 101 
304 228 
304 894 
304 837 
731 831 
731 740 
731 381 
731 880 
321 404 
321 582 
321 581 
321 45 
321 711 
564 382 
564 273 
564 710 
564 688 
564 878 
299 126 
299 999 
299 777 
453 623 
453 92 
453 857 
695 751 
695 530 
695 145 
695 226 
488 648 
488 183 
488 66 
576 544 
576 301 
576 230 
281 553 
281 868 
281 202 
980 947 
980 959 
980 293 
980 241 
446 115 
446 815 
446 308 
446 5 
446 700 
785 798 
785 331 
785 579 
785 684 
785 180 
785 57 
790 788 
790 975 
790 419 
790 163 
790 55 
401 271 
401 909 
401 326 
401 290 
401 631 
34 626 
34 624 
358 3 
358 500 
572 231 
572 915 
572 756 
572 697 
465 976 
465 173 
465 959 
465 80 
465 643 
465 57 
625 666 
625 354 
625 334 
625 837 
663 947 
663 54 
218 139 
218 324 
218 296 
218 837 
814 249 
814 684 
272 949 
272 167 
272 773 
272 31 
272 97 
272 586 
529 620 
529 626 
529 497 
529 336 
529 295 
903 517 
903 257 
903 181 
903 993 
653 214 
758 288 
758 209 
758 775 
758 575 
660 889 
660 836 
660 861 
660 675 
660 57 
660 356 
877 531 
877 332 
877 846 
877 442 
692 224 
692 266 
692 812 
509 961 
509 255 
509 361 
509 453 
370 463 
370 829 
370 652 
370 445 
370 135 
370 102 
427 34 
633 403 
633 277 
325 798 
325 288 
325 909 
325 761 
325 122 
325 683 
325 296 
46 20 
46 141 
657 426 
657 206 
657 42 
222 82 
222 676 
222 219 
222 260 
222 840 
222 814 
585 59 
585 593 
585 442 
638 860 
638 560 
638 178 
638 731 
967 288 
967 523 
563 881 
563 932 
563 945 
420 338 
420 622 
420 319 
420 272 
388 435 
388 665 
388 902 
388 140 
978 319 
978 675 
428 881 
615 117 
615 60 
615 448 
615 517 
615 402 
615 834 
615 413 
615 295 
875 715 
875 207 
875 914 
875 447 
875 160 
875 727 
875 657 
106 844 
106 91 
106 880 
106 47 
951 685 
951 559 
951 183 
951 324 
951 425 
951 834 
951 711 
951 190 
327 626 
327 216 
327 889 
95 687 
95 789 
95 31 
95 366 
95 836 
719 614 
719 743 
719 234 
719 24 
596 909 
596 331 
596 558 
596 813 
596 135 
596 61 
596 51 
883 526 
883 783 
883 448 
883 292 
883 650 
883 800 
883 509 
483 635 
483 787 
483 810 
483 253 
771 423 
771 775 
771 779 
771 420 
264 735 
264 600 
264 570 
264 413 
264 140 
284 665 
284 18 
284 227 
284 701 
284 638 
524 4 
524 474 
524 893 
524 683 
524 817 
524 51 
340 760 
340 965 
340 109 
340 670 
340 861 
340 102 
412 605 
412 572 
588 359 
943 291 
943 778 
348 311 
348 749 
348 259 
998 175 
998 469 
998 201 
998 868 
998 135 
900 424 
900 600 
900 126 
900 97 
900 753 
900 999 
900 946 
900 369 
151 519 
151 985 
151 579 
151 313 
151 730 
151 915 
151 569 
151 653 
182 117 
182 868 
182 778 
182 5 
182 75 
182 113 
639 823 
639 68 
639 210 
639 650 
639 779 
98 703 
98 31 
98 366 
98 112 
98 325 
98 585 
510 229 
510 503 
510 611 
510 230 
19 805 
19 891 
19 334 
565 127 
565 231 
565 981 
565 895 
565 7 
565 520 
62 856 
133 863 
133 672 
133 934 
133 102 
156 343 
156 831 
156 292 
156 589 
156 273 
372 560 
372 950 
56 431 
56 372 
120 252 
120 343 
120 548 
120 666 
120 326 
120 936 
120 956 
120 616 
120 509 
120 639 
739 115 
739 447 
739 924 
739 747 
739 327 
678 589 
678 295 
678 328 
678 488 
341 229 
341 516 
341 666 
341 626 
341 894 
341 436 
341 544 
341 251 
341 410 
184 979 
184 271 
184 313 
184 629 
184 741 
184 78 
184 556 
184 61 
476 703 
476 366 
476 853 
476 158 
476 495 
704 599 
704 461 
704 40 
704 12 
704 699 
704 154 
618 246 
618 816 
618 722 
618 336 
378 773 
378 985 
378 249 
378 807 
378 819 
378 816 
886 936 
886 319 
944 933 
944 400 
944 239 
944 576 
973 928 
973 751 
973 863 
973 934 
512 74 
512 749 
512 758 
802 854 
802 301 
802 757 
802 154 
481 204 
481 595 
481 849 
481 727 
481 633 
621 139 
621 14 
621 273 
621 306 
621 883 
345 391 
957 605 
957 907 
957 937 
957 556 
128 890 
128 421 
630 252 
630 242 
630 253 
630 670 
630 549 
13 117 
13 224 
13 753 
13 388 
236 221 
236 902 
236 771 
236 345 
806 881 
806 76 
806 982 
806 726 
806 863 
806 730 
806 641 
806 800 
551 665 
551 936 
551 428 
551 156 
441 664 
441 141 
441 143 
441 242 
441 307 
441 413 
441 659 
441 973 
938 271 
938 959 
689 933 
689 349 
689 677 
689 796 
689 989 
689 787 
689 541 
689 226 
689 621 
721 134 
721 780 
721 21 
721 500 
721 358 
350 620 
350 331 
350 991 
350 36 
350 834 
350 954 
858 374 
858 582 
858 185 
858 186 
858 564 
888 703 
888 224 
888 999 
282 749 
282 536 
282 23 
282 476 
189 115 
189 664 
189 811 
189 631 
189 395 
189 912 
189 790 
189 875 
176 528 
176 271 
176 477 
176 95 
176 886 
157 906 
157 769 
784 646 
784 497 
784 971 
784 659 
784 876 
69 342 
69 361 
69 523 
379 601 
379 342 
379 238 
379 814 
316 932 
316 195 
386 229 
386 44 
386 146 
386 695 
116 204 
116 47 
116 327 
205 788 
205 851 
205 107 
205 264 
732 7 
732 258 
545 201 
545 496 
545 354 
545 992 
545 284 
545 189 
452 440 
733 67 
733 611 
458 479 
458 779 
458 232 
171 58 
171 60 
171 497 
935 599 
935 397 
935 982 
935 308 
935 141 
935 338 
935 253 
935 691 
935 300 
935 596 
584 188 
584 124 
584 164 
409 647 
409 825 
409 648 
409 861 
996 252 
996 220 
996 984 
996 154 
996 140 
996 903 
468 749 
468 485 
468 205 
768 762 
768 937 
768 453 
922 680 
922 300 
661 979 
661 867 
661 140 
610 886 
522 117 
522 434 
522 616 
522 57 
522 410 
522 978 
522 156 
137 250 
137 416 
137 951 
137 596 
543 767 
543 707 
543 195 
543 168 
619 548 
619 472 
619 15 
619 340 
776 472 
776 676 
776 323 
776 706 
776 56 
776 522 
198 979 
198 953 
198 767 
198 549 
198 125 
198 967 
198 678 
317 715 
317 685 
317 574 
317 277 
317 672 
317 861 
317 569 
317 284 
317 379 
317 116 
964 798 
964 618 
568 583 
568 589 
568 163 
568 704 
744 843 
744 23 
744 148 
744 453 
53 798 
53 216 
53 575 
53 336 
53 180 
53 675 
53 806 
385 31 
385 66 
385 18 
385 296 
385 316 
562 27 
562 246 
562 7 
562 905 
364 180 
364 300 
364 316 
952 705 
952 33 
952 478 
952 902 
952 78 
952 138 
724 715 
724 647 
724 593 
724 726 
724 552 
724 675 
948 368 
948 583 
948 778 
948 517 
948 813 
494 960 
494 756 
494 820 
380 712 
380 460 
380 46 
786 947 
786 826 
786 238 
786 67 
786 299 
786 157 
499 221 
499 497 
499 874 
499 143 
499 90 
499 98 
499 618 
499 922 
247 620 
247 454 
247 982 
247 907 
247 26 
247 96 
247 395 
247 757 
247 973 
997 798 
997 578 
997 548 
997 770 
997 60 
997 740 
997 38 
997 893 
997 690 
997 356 
997 281 
997 875 
997 379 
37 773 
37 454 
37 437 
37 90 
37 101 
37 785 
37 441 
37 522 
835 504 
835 455 
835 741 
835 148 
835 611 
763 396 
763 662 
763 489 
763 768 
262 863 
262 357 
262 123 
262 496 
262 476 
111 224 
111 613 
746 23 
746 538 
746 345 
746 858 
746 786 
389 623 
150 108 
150 710 
150 688 
150 502 
150 340 
931 617 
931 536 
931 246 
931 93 
931 856 
931 90 
931 457 
963 641 
963 849 
963 304 
963 883 
130 41 
130 850 
130 287 
130 356 
88 31 
88 811 
88 212 
88 552 
88 284 
608 815 
608 927 
608 490 
608 107 
608 861 
608 727 
193 891 
193 855 
193 198 
513 530 
513 64 
513 830 
513 350 
159 949 
159 495 
159 551 
573 274 
573 717 
573 847 
573 877 
573 510 
718 869 
718 773 
718 682 
718 466 
718 604 
718 834 
718 999 
718 495 
718 37 
718 763 
597 516 
597 851 
597 918 
597 319 
597 306 
597 168 
597 660 
696 187 
696 850 
696 813 
696 231 
696 855 
696 790 
696 379 
696 247 
742 517 
742 381 
742 461 
742 817 
742 408 
742 922 
916 518 
916 654 
916 506 
916 33 
916 932 
916 769 
916 460 
916 465 
916 633 
192 339 
192 216 
192 488 
627 349 
627 708 
627 810 
627 177 
627 140 
627 151 
627 386 
537 516 
537 418 
537 482 
537 736 
537 478 
537 165 
537 829 
537 258 
667 933 
667 3 
667 238 
667 902 
667 479 
667 595 
667 993 
555 982 
555 308 
555 839 
555 883 
555 922 
450 669 
450 20 
450 648 
450 521 
278 538 
278 918 
278 597 
871 669 
871 778 
871 449 
871 706 
871 756 
871 588 
958 770 
958 472 
958 582 
958 309 
958 717 
958 278 
821 575 
821 694 
917 331 
917 682 
917 775 
917 510 
917 555 
983 419 
983 52 
983 186 
609 469 
609 393 
609 868 
609 336 
822 220 
822 799 
822 251 
822 190 
866 404 
866 124 
866 892 
866 254 
866 354 
866 731 
866 453 
866 198 
866 931 
314 434 
314 375 
314 227 
314 78 
314 679 
314 747 
314 573 
493 712 
493 556 
493 596 
493 597 
118 847 
118 257 
759 82 
759 861 
759 98 
833 313 
833 448 
833 18 
833 834 
103 620 
103 668 
103 238 
103 413 
211 550 
211 541 
211 388 
211 621 
988 343 
988 626 
988 162 
988 775 
988 179 
941 528 
941 601 
941 435 
941 634 
941 256 
451 558 
451 634 
451 281 
754 634 
754 124 
754 856 
754 273 
754 534 
754 610 
754 608 
594 86 
594 895 
594 503 
594 146 
594 728 
594 609 
587 41 
587 712 
587 908 
587 0 
587 490 
587 25 
587 586 
587 46 
587 364 
587 111 
462 841 
462 89 
462 652 
462 52 
462 747 
414 923 
414 708 
414 850 
414 433 
414 631 
283 498 
283 516 
2 49 
2 323 
2 785 
2 428 
2 524 
640 234 
640 63 
640 328 
968 130 
487 979 
487 434 
487 697 
716 67 
716 941 
32 548 
32 374 
32 464 
32 257 
32 163 
32 731 
32 568 
32 494 
546 109 
546 998 
546 866 
48 881 
48 147 
48 683 
48 226 
872 649 
872 705 
872 908 
872 276 
872 395 
872 148 
872 883 
872 952 
514 410 
628 982 
628 234 
628 267 
142 228 
142 848 
142 857 
142 306 
142 25 
142 872 
913 185 
913 273 
913 181 
913 556 
913 523 
765 221 
765 447 
765 956 
765 138 
765 713 
765 837 
765 638 
765 597 
373 134 
373 720 
373 369 
373 71 
215 614 
215 589 
215 97 
215 596 
632 702 
632 324 
632 575 
632 267 
632 317 
632 821 
632 103 
729 889 
729 423 
729 589 
729 143 
729 63 
729 432 
729 704 
729 441 
131 114 
131 825 
131 92 
131 449 
131 259 
603 979 
603 33 
603 735 
603 708 
603 430 
603 369 
603 802 
658 518 
658 213 
658 114 
658 361 
658 17 
658 862 
658 408 
658 283 
94 302 
94 368 
94 349 
94 68 
94 30 
94 830 
94 135 
540 682 
540 846 
540 920 
540 592 
540 545 
105 455 
105 796 
105 338 
105 67 
105 63 
105 769 
105 672 
105 402 
105 912 
105 624 
105 328 
105 468 
105 835 
105 94 
637 571 
637 991 
637 834 
637 532 
637 564 
637 763 
637 193 
637 983 
637 632 
417 769 
417 713 
351 761 
351 342 
351 889 
351 437 
351 110 
351 592 
351 821 
415 418 
415 755 
415 634 
415 863 
415 277 
415 775 
415 613 
415 500 
415 509 
415 46 
693 22 
693 230 
693 951 
693 120 
693 373 
429 117 
429 30 
429 195 
429 61 
429 414 
939 404 
939 361 
8 201 
8 309 
8 132 
8 310 
8 382 
8 12 
486 475 
486 399 
486 980 
486 692 
486 458 
411 823 
411 840 
411 510 
411 944 
411 768 
275 447 
275 591 
275 246 
275 604 
275 178 
275 596 
275 806 
275 632 
930 953 
930 0 
930 323 
930 503 
930 756 
930 51 
930 763 
170 848 
170 306 
170 765 
990 815 
990 393 
990 910 
990 936 
990 421 
990 489 
990 952 
169 476 
169 922 
169 417 
636 730 
636 460 
636 34 
636 886 
636 116 
636 637 
636 939 
394 735 
394 488 
394 72 
394 513 
362 229 
362 626 
362 650 
362 195 
362 515 
362 905 
362 814 
362 768 
362 462 
921 649 
921 426 
921 360 
921 163 
921 294 
921 2 
344 579 
344 605 
344 510 
84 228 
84 839 
84 45 
84 679 
84 61 
84 131 
172 252 
172 751 
172 350 
566 577 
566 139 
566 75 
566 53 
566 913 
217 929 
217 421 
681 20 
681 708 
365 6 
365 955 
365 778 
365 800 
197 580 
197 945 
197 882 
197 51 
197 120 
887 504 
887 361 
887 586 
887 193 
9 41 
9 455 
9 153 
347 915 
347 307 
347 973 
129 571 
129 291 
129 160 
129 204 
129 40 
129 667 
129 275 
270 797 
270 203 
270 444 
270 161 
270 554 
270 849 
270 659 
270 630 
842 671 
842 453 
392 367 
392 216 
738 614 
738 342 
738 224 
738 813 
738 585 
738 388 
738 744 
738 88 
738 917 
269 397 
269 298 
269 805 
269 349 
269 408 
269 852 
269 69 
269 681 
353 34 
353 653 
353 69 
353 347 
79 927 
79 735 
79 374 
79 263 
79 257 
79 90 
79 812 
79 731 
79 182 
79 573 
79 71 
355 649 
355 333 
355 621 
355 765 
355 197 
371 892 
371 7 
371 476 
371 198 
793 50 
793 503 
793 266 
793 621 
793 198 
793 48 
329 882 
329 420 
144 424 
144 255 
144 361 
144 218 
286 508 
286 519 
286 33 
286 474 
286 242 
286 541 
286 615 
286 588 
286 997 
191 898 
191 715 
191 550 
191 89 
191 984 
191 692 
191 744 
243 233 
243 920 
243 91 
243 915 
243 334 
243 509 
243 729 
121 791 
121 101 
121 95 
121 278 
859 477 
859 430 
859 357 
859 53 
859 37 
859 718 
200 560 
200 895 
200 39 
200 522 
200 609 
200 493 
28 482 
28 40 
28 281 
28 754 
28 887 
827 761 
827 87 
827 425 
827 442 
827 524 
827 935 
480 54 
480 123 
480 99 
480 897 
673 86 
673 843 
673 204 
673 425 
673 108 
673 244 
673 121 
772 961 
772 925 
772 749 
772 399 
772 83 
772 25 
772 744 
772 380 
772 414 
73 918 
73 383 
73 732 
73 409 
73 269 
709 280 
709 303 
709 783 
709 989 
709 762 
709 442 
709 567 
709 35 
152 90 
152 690 
152 612 
994 223 
994 321 
994 488 
994 486 
781 175 
781 623 
781 33 
781 533 
781 756 
781 934 
781 144 
225 473 
225 33 
225 604 
225 180 
225 295 
225 514 
686 927 
686 910 
686 485 
686 796 
686 989 
686 592 
686 191 
804 508 
804 109 
804 651 
804 222 
804 964 
804 763 
804 887 
511 843 
511 740 
511 708 
511 185 
511 282 
511 32 
542 398 
542 715 
542 68 
542 604 
542 575 
542 470 
542 445 
542 865 
542 774 
542 693 
542 344 
792 469 
792 575 
792 69 
832 303 
832 338 
832 399 
832 641 
832 575 
832 266 
832 842 
832 200 
1 424 
1 862 
1 829 
1 441 
1 587 
1 487 
363 574 
363 38 
363 123 
363 93 
363 459 
363 300 
363 746 
363 887 
745 76 
745 60 
745 604 
745 892 
745 877 
745 184 
745 344 
318 65 
318 464 
318 920 
318 847 
318 16 
318 951 
318 618 
318 963 
974 976 
974 881 
974 668 
974 463 
297 815 
297 557 
297 335 
297 319 
297 784 
297 990 
297 793 
484 201 
484 482 
484 147 
484 274 
484 779 
484 304 
484 151 
484 776 
864 794 
864 199 
864 635 
864 315 
864 581 
864 406 
864 878 
864 573 
864 351 
864 480 
864 73 
456 331 
456 324 
456 747 
456 69 
456 144 
901 339 
901 115 
901 909 
901 654 
901 482 
901 570 
901 507 
901 227 
901 695 
901 555 
901 347 
501 229 
501 352 
501 136 
501 54 
501 461 
501 259 
501 624 
501 321 
642 928 
642 629 
642 99 
642 470 
642 34 
642 48 
85 220 
85 894 
85 892 
85 445 
85 502 
85 270 
885 735 
885 430 
885 164 
885 488 
885 373 
885 415 
561 89 
561 437 
561 308 
561 496 
561 287 
561 700 
561 576 
561 130 
561 456 
535 404 
535 27 
535 530 
535 395 
535 515 
535 294 
535 738 
535 542 
279 650 
279 935 
279 198 
279 627 
279 351 
725 634 
725 150 
725 793 
725 286 
714 702 
714 96 
714 254 
714 897 
714 777 
714 627 
714 71 
