966 692 
240 651 
916 711 
624 2 
463 376 
884 326 
157 685 
333 509 
734 451 
697 157 
797 309 
894 784 
141 870 
220 330 
810 237 
810 333 
810 934 
501 451 
501 685 
222 401 
222 451 
55 110 
983 515 
571 428 
392 330 
392 903 
392 19 
286 33 
513 449 
680 655 
680 846 
588 895 
352 376 
352 884 
458 858 
458 680 
34 797 
193 476 
743 802 
514 313 
817 428 
429 404 
343 595 
912 804 
888 476 
888 449 
888 691 
770 835 
770 714 
770 691 
433 514 
300 55 
289 595 
642 110 
155 759 
907 50 
8 797 
231 520 
360 934 
763 327 
763 231 
512 894 
512 892 
512 800 
216 333 
216 983 
38 343 
137 2 
270 19 
668 994 
668 270 
123 220 
27 894 
838 2 
838 321 
638 327 
638 817 
638 760 
558 429 
764 277 
42 375 
42 894 
42 691 
160 588 
160 901 
664 289 
828 855 
828 764 
438 912 
877 70 
569 558 
473 966 
667 360 
643 458 
391 680 
833 858 
833 141 
833 512 
136 343 
136 591 
10 903 
10 588 
10 155 
636 138 
303 312 
905 657 
905 581 
826 352 
12 565 
12 520 
12 278 
180 826 
620 237 
495 870 
495 4 
972 515 
17 376 
17 795 
17 451 
17 846 
611 237 
611 166 
346 87 
823 655 
823 69 
823 691 
65 619 
948 994 
173 877 
807 760 
807 764 
854 595 
944 327 
944 556 
943 513 
943 821 
943 722 
943 636 
535 581 
405 157 
405 173 
704 956 
377 290 
339 565 
339 69 
339 828 
339 346 
431 619 
431 433 
283 624 
283 166 
62 802 
62 734 
62 435 
62 87 
62 848 
62 854 
62 944 
211 404 
211 134 
211 591 
407 576 
294 817 
294 972 
967 880 
967 407 
708 377 
365 237 
365 624 
365 433 
397 134 
397 437 
402 657 
402 274 
402 392 
402 948 
31 656 
579 870 
579 593 
254 433 
955 636 
957 357 
947 50 
229 303 
920 691 
963 289 
963 438 
349 912 
533 157 
533 571 
533 34 
533 119 
699 795 
699 449 
699 473 
68 888 
68 229 
176 472 
167 392 
167 691 
167 877 
385 274 
385 903 
783 297 
3 365 
670 167 
745 352 
745 877 
536 458 
536 34 
536 82 
809 770 
809 433 
809 17 
809 385 
809 3 
781 612 
781 19 
253 903 
253 745 
40 82 
40 636 
805 651 
805 254 
76 923 
417 514 
417 70 
417 826 
350 222 
869 65 
639 770 
950 360 
950 277 
950 294 
99 547 
99 838 
99 623 
99 242 
99 963 
488 797 
488 360 
829 31 
331 642 
102 211 
217 27 
217 957 
625 660 
625 211 
26 289 
26 833 
26 65 
153 804 
153 959 
479 409 
418 33 
418 691 
181 655 
181 943 
181 967 
633 489 
633 231 
739 234 
739 119 
824 745 
824 625 
989 352 
989 828 
989 880 
989 826 
150 333 
282 55 
282 3 
264 277 
988 795 
988 330 
988 672 
988 633 
909 625 
205 804 
205 254 
654 821 
654 417 
531 972 
531 807 
584 479 
674 254 
1 377 
100 399 
100 634 
100 955 
100 805 
801 155 
918 577 
918 17 
713 966 
713 923 
464 142 
464 802 
464 409 
662 800 
662 4 
490 294 
607 509 
607 397 
9 489 
9 429 
9 495 
9 920 
9 150 
374 360 
374 643 
374 783 
374 923 
164 220 
164 547 
164 339 
43 986 
978 157 
978 303 
978 905 
267 817 
267 967 
206 245 
984 642 
871 651 
871 87 
552 795 
552 375 
552 234 
552 76 
207 680 
425 43 
11 685 
11 612 
11 828 
11 978 
484 2 
484 192 
445 956 
445 438 
386 26 
525 240 
525 813 
525 164 
896 642 
896 670 
896 245 
896 871 
879 810 
879 918 
879 896 
459 547 
459 166 
721 237 
721 759 
721 943 
721 361 
115 944 
83 346 
975 242 
975 670 
328 409 
328 783 
819 787 
819 375 
819 119 
819 978 
875 206 
18 237 
18 62 
18 988 
18 525 
747 570 
747 18 
737 202 
737 449 
737 978 
737 819 
945 357 
899 711 
899 375 
899 267 
811 722 
811 670 
561 838 
408 772 
614 821 
614 99 
614 811 
269 821 
728 855 
728 823 
728 282 
728 206 
79 489 
969 858 
969 905 
969 407 
969 150 
969 978 
238 33 
238 576 
238 217 
7 894 
195 392 
195 948 
195 176 
195 801 
195 207 
727 136 
75 657 
75 55 
75 620 
75 801 
539 849 
539 99 
539 245 
803 795 
803 570 
803 819 
413 473 
413 303 
295 100 
295 164 
830 807 
578 141 
578 667 
608 604 
608 514 
534 877 
534 472 
534 374 
534 164 
866 26 
233 141 
233 289 
177 907 
177 764 
953 19 
953 303 
953 205 
452 19 
452 539 
876 245 
586 300 
586 473 
712 352 
182 433 
182 593 
129 800 
125 19 
605 570 
605 866 
864 231 
864 955 
564 994 
261 884 
261 714 
261 319 
261 253 
629 760 
629 739 
878 141 
878 539 
243 227 
673 55 
545 87 
545 45 
203 177 
965 888 
965 512 
965 207 
997 955 
958 655 
958 352 
958 1 
906 903 
906 722 
906 965 
929 286 
929 173 
929 386 
929 115 
749 102 
862 697 
862 87 
862 561 
693 417 
693 464 
693 747 
982 896 
982 721 
311 959 
311 907 
311 848 
311 878 
471 558 
471 10 
471 636 
471 339 
471 708 
471 625 
471 282 
471 693 
502 828 
502 811 
107 955 
987 734 
987 869 
987 584 
165 784 
165 357 
165 579 
315 802 
315 912 
315 26 
315 674 
315 1 
315 182 
6 18 
881 565 
372 327 
372 489 
372 458 
372 634 
372 531 
640 943 
640 536 
640 205 
640 295 
725 343 
725 391 
725 167 
725 182 
730 100 
373 854 
373 425 
373 899 
786 907 
658 835 
658 800 
658 339 
461 321 
461 192 
461 918 
911 220 
911 409 
911 936 
911 534 
161 274 
161 584 
161 987 
432 451 
432 576 
432 662 
143 11 
90 347 
90 413 
453 651 
453 759 
453 967 
453 418 
187 237 
187 819 
67 512 
67 27 
616 322 
616 233 
616 372 
683 784 
791 330 
791 478 
791 357 
791 17 
791 361 
791 525 
940 711 
940 376 
940 912 
940 82 
940 803 
287 870 
287 300 
183 770 
378 352 
378 409 
908 963 
908 979 
861 929 
430 513 
430 948 
782 137 
782 347 
782 639 
782 83 
782 911 
937 984 
30 40 
30 614 
885 289 
885 227 
305 655 
305 321 
305 297 
305 722 
305 10 
305 164 
305 522 
305 30 
754 593 
754 584 
991 431 
991 365 
991 167 
481 334 
481 166 
481 391 
481 377 
775 264 
775 725 
93 327 
93 656 
93 332 
171 352 
171 27 
171 667 
171 391 
171 929 
698 895 
698 240 
698 463 
698 760 
698 978 
23 211 
23 712 
675 722 
551 660 
551 459 
551 30 
257 137 
257 481 
77 428 
77 691 
77 823 
77 625 
77 525 
886 983 
886 957 
116 683 
396 449 
396 943 
396 417 
396 257 
275 666 
249 332 
249 917 
249 803 
477 944 
785 357 
785 525 
59 976 
59 608 
59 28 
59 471 
914 520 
914 451 
914 727 
897 349 
897 206 
897 243 
897 305 
559 823 
971 520 
971 512 
995 795 
995 734 
995 936 
995 10 
995 397 
995 83 
995 689 
230 501 
230 402 
230 432 
230 30 
230 275 
977 714 
977 360 
977 62 
977 531 
977 43 
201 763 
201 947 
355 680 
355 988 
307 917 
549 142 
549 176 
549 430 
439 994 
439 497 
439 838 
439 242 
439 869 
439 115 
439 355 
14 936 
14 173 
14 713 
14 721 
613 278 
613 45 
613 749 
808 283 
808 217 
808 261 
720 895 
720 401 
720 312 
720 577 
720 431 
720 365 
720 176 
720 929 
96 967 
414 895 
414 495 
414 261 
942 711 
942 588 
942 888 
942 662 
942 396 
178 454 
178 10 
178 317 
981 237 
981 994 
981 347 
981 564 
190 33 
190 817 
190 674 
694 809 
694 811 
694 575 
694 315 
694 942 
104 612 
104 943 
104 875 
628 50 
628 704 
628 662 
628 125 
132 558 
132 105 
132 462 
563 438 
563 880 
563 923 
563 275 
590 404 
590 65 
590 192 
590 957 
590 720 
590 462 
0 987 
338 787 
338 264 
316 138 
316 955 
316 813 
191 523 
191 385 
191 616 
707 347 
707 346 
707 233 
707 749 
707 143 
606 312 
606 497 
606 821 
606 150 
606 988 
606 791 
630 858 
630 759 
630 643 
630 823 
859 902 
859 539 
859 693 
859 6 
215 326 
215 884 
215 588 
215 407 
215 282 
215 374 
318 833 
131 787 
131 561 
131 683 
148 155 
148 28 
148 471 
148 372 
208 902 
208 570 
208 452 
208 243 
208 311 
208 897 
717 433 
717 83 
717 981 
932 231 
932 3 
493 4 
493 975 
493 105 
493 316 
400 69 
400 509 
400 17 
400 407 
644 666 
644 79 
663 19 
663 428 
663 512 
663 454 
663 531 
663 819 
184 595 
718 161 
718 589 
679 912 
679 739 
60 183 
60 396 
758 642 
758 664 
58 619 
58 37 
58 42 
58 879 
475 192 
475 353 
475 552 
599 880 
599 68 
599 233 
599 116 
599 549 
874 438 
874 17 
874 167 
874 628 
741 576 
741 402 
832 908 
832 885 
494 312 
494 888 
494 405 
705 611 
705 11 
324 569 
324 967 
324 282 
677 584 
677 256 
540 297 
540 707 
108 435 
108 167 
108 217 
108 386 
483 375 
483 558 
483 28 
483 165 
483 90 
483 249 
363 332 
363 462 
480 835 
480 899 
480 104 
686 781 
686 819 
998 660 
998 664 
998 475 
450 802 
450 3 
450 418 
450 386 
450 452 
450 161 
922 905 
922 178 
922 190 
585 697 
585 848 
585 824 
585 929 
585 911 
825 322 
825 119 
825 479 
825 906 
825 981 
853 823 
853 965 
853 987 
853 911 
853 430 
863 385 
863 644 
548 640 
548 316 
872 911 
872 187 
762 203 
424 870 
424 588 
424 590 
24 884 
24 231 
553 8 
553 435 
553 75 
553 104 
130 895 
130 473 
323 664 
323 305 
80 514 
80 823 
573 372 
573 494 
530 300 
530 819 
915 886 
580 966 
580 888 
580 454 
661 513 
661 514 
661 123 
661 607 
661 125 
444 759 
444 629 
152 934 
152 207 
152 171 
152 580 
389 912 
389 570 
389 643 
389 17 
389 593 
389 99 
389 373 
389 249 
262 350 
262 217 
262 662 
395 300 
395 481 
204 846 
204 819 
204 977 
204 132 
789 894 
789 643 
789 261 
789 658 
789 559 
789 215 
653 619 
653 8 
653 823 
653 76 
653 694 
379 473 
379 864 
379 516 
794 195 
794 717 
441 70 
441 576 
212 312 
212 577 
212 278 
212 9 
212 965 
212 541 
841 571 
841 38 
841 290 
841 385 
841 76 
841 116 
777 986 
777 821 
777 829 
777 942 
700 734 
487 660 
487 584 
487 782 
487 208 
582 810 
582 501 
582 68 
582 176 
582 269 
582 908 
980 321 
980 110 
980 404 
980 458 
179 957 
179 875 
179 640 
447 333 
447 947 
447 102 
913 920 
913 963 
913 307 
999 975 
999 116 
814 846 
814 338 
814 450 
814 825 
574 157 
574 3 
574 782 
574 400 
574 677 
232 657 
232 322 
232 40 
232 11 
232 758 
676 472 
676 978 
676 389 
537 69 
537 717 
555 714 
555 611 
555 811 
555 686 
960 838 
960 963 
960 167 
960 639 
960 389 
960 582 
344 431 
344 192 
344 737 
344 561 
806 22 
732 597 
732 880 
732 545 
732 58 
420 656 
420 62 
420 355 
486 119 
486 923 
486 580 
394 211 
394 957 
394 143 
394 789 
394 806 
996 454 
996 603 
996 493 
996 152 
793 595 
793 343 
793 854 
793 363 
755 330 
755 4 
755 495 
755 192 
356 577 
356 82 
356 405 
356 890 
815 50 
815 347 
815 445 
410 178 
521 333 
521 19 
521 783 
521 811 
521 107 
521 432 
53 892 
53 454 
53 205 
53 871 
893 758 
893 762 
308 428 
308 923 
308 177 
308 679 
468 290 
468 722 
468 405 
468 181 
251 134 
251 573 
684 655 
684 166 
684 150 
684 866 
684 922 
485 2 
485 141 
485 45 
485 830 
485 590 
460 795 
460 437 
460 614 
460 452 
822 597 
822 438 
822 698 
822 996 
882 619 
882 664 
882 63 
882 405 
882 704 
882 407 
882 545 
882 208 
882 863 
882 251 
753 377 
753 640 
753 287 
669 326 
669 515 
669 886 
466 577 
466 10 
466 407 
466 953 
466 452 
466 108 
466 448 
412 986 
412 429 
412 764 
412 129 
412 493 
412 262 
101 819 
101 287 
170 4 
170 431 
170 829 
170 288 
170 874 
170 705 
170 762 
170 444 
710 142 
710 270 
710 229 
710 206 
362 488 
362 727 
128 478 
128 193 
128 331 
128 997 
128 318 
128 480 
742 948 
742 417 
742 606 
617 274 
617 277 
617 365 
617 261 
617 705 
617 540 
345 860 
345 50 
345 625 
345 525 
345 190 
618 349 
618 809 
618 165 
266 869 
266 563 
496 330 
496 902 
496 797 
426 855 
426 581 
426 211 
426 516 
592 451 
592 42 
592 775 
95 848 
95 82 
95 256 
285 807 
285 459 
285 586 
285 129 
285 958 
285 587 
285 410 
285 684 
285 496 
64 835 
64 514 
64 813 
528 449 
528 9 
528 758 
528 686 
340 131 
726 734 
726 350 
726 125 
726 551 
726 104 
726 669 
816 428 
816 433 
816 347 
816 65 
816 365 
816 987 
816 897 
816 131 
406 894 
406 11 
406 606 
241 584 
241 607 
241 981 
78 763 
78 176 
78 408 
78 640 
615 237 
615 556 
615 525 
842 155 
842 972 
842 11 
842 720 
842 913 
904 240 
904 283 
904 459 
904 58 
904 832 
904 130 
504 571 
504 579 
504 1 
504 707 
831 668 
831 905 
831 0 
831 587 
276 923 
276 418 
276 83 
276 673 
682 424 
73 977 
73 613 
73 132 
715 34 
715 454 
715 754 
767 309 
767 878 
367 890 
367 317 
367 732 
367 420 
367 170 
84 817 
84 14 
84 148 
54 905 
54 448 
387 835 
387 828 
387 754 
387 677 
156 515 
156 137 
156 730 
156 367 
852 449 
852 87 
852 880 
852 826 
852 611 
852 666 
852 479 
852 80 
706 692 
706 283 
706 791 
706 338 
706 480 
554 278 
554 803 
554 462 
281 760 
281 607 
281 663 
299 346 
299 533 
299 196 
299 906 
299 979 
299 861 
299 275 
544 309 
544 907 
544 819 
544 872 
263 283 
263 819 
457 349 
457 3 
457 969 
457 6 
457 59 
457 152 
457 486 
719 621 
719 828 
719 935 
719 906 
546 916 
546 653 
546 340 
384 692 
384 711 
384 376 
384 392 
384 27 
384 546 
421 523 
421 869 
421 83 
507 392 
507 245 
507 6 
507 574 
507 755 
729 722 
729 68 
189 621 
189 289 
189 38 
189 822 
272 157 
272 523 
272 719 
364 240 
364 633 
364 747 
364 630 
209 401 
209 319 
209 953 
209 450 
209 424 
799 502 
799 707 
799 998 
799 379 
799 281 
659 906 
659 468 
659 706 
147 437 
147 386 
147 107 
250 888 
250 809 
250 195 
250 995 
671 854 
671 584 
671 958 
213 727 
213 830 
213 710 
641 509 
641 322 
641 471 
557 155 
557 360 
557 270 
557 30 
61 313 
61 983 
61 267 
61 897 
61 574 
498 651 
498 137 
498 972 
498 355 
498 882 
498 496 
214 402 
214 205 
214 129 
214 563 
214 204 
114 759 
114 392 
114 944 
114 372 
114 432 
109 514 
109 742 
952 605 
952 475 
961 575 
961 942 
961 80 
961 486 
985 142 
985 571 
985 360 
985 547 
985 230 
985 496 
776 513 
776 394 
776 128 
776 719 
273 155 
273 811 
840 68 
840 698 
840 395 
840 719 
21 558 
21 355 
503 326 
503 37 
503 289 
503 722 
503 786 
503 384 
74 657 
74 514 
74 819 
74 732 
74 842 
993 713 
993 6 
993 663 
993 420 
16 871 
154 333 
154 714 
154 256 
154 559 
847 40 
847 414 
847 705 
847 617 
847 496 
847 387 
812 643 
812 407 
812 245 
812 494 
474 43 
474 758 
474 677 
111 994 
111 512 
111 801 
111 147 
839 473 
839 551 
839 590 
839 316 
839 606 
839 544 
637 109 
314 533 
314 629 
568 651 
568 333 
568 392 
568 833 
568 869 
568 725 
568 395 
602 173 
602 917 
788 581 
788 269 
788 249 
292 375 
292 955 
292 480 
292 872 
292 485 
292 21 
258 579 
258 781 
258 494 
949 62 
949 153 
949 644 
949 364 
933 333 
933 814 
596 734 
596 525 
596 389 
508 879 
508 18 
508 540 
508 503 
103 903 
103 391 
103 311 
103 546 
336 540 
336 617 
57 734 
159 193 
159 405 
159 654 
159 713 
159 516 
159 741 
159 487 
159 842 
543 986 
543 877 
543 454 
543 294 
543 176 
543 344 
543 788 
690 894 
690 77 
690 630 
690 661 
968 810 
968 123 
968 584 
968 698 
968 396 
968 741 
968 424 
968 95 
931 514 
931 377 
931 40 
560 309 
560 463 
560 722 
560 115 
560 414 
756 222 
756 625 
756 287 
756 481 
519 392 
519 137 
519 936 
519 459 
519 606 
519 753 
519 412 
550 597 
550 192 
550 654 
550 445 
550 578 
550 815 
550 111 
889 9 
889 261 
889 93 
889 190 
302 737 
302 256 
302 378 
302 508 
411 438 
411 963 
411 984 
411 487 
411 546 
562 391 
562 67 
562 116 
562 874 
562 949 
358 535 
358 349 
358 929 
358 725 
358 914 
358 412 
766 989 
766 614 
766 564 
766 400 
766 705 
766 544 
843 536 
843 961 
228 586 
341 234 
341 353 
469 902 
469 196 
469 410 
393 451 
393 797 
393 680 
393 322 
393 606 
567 476 
567 963 
567 906 
567 786 
567 537 
567 468 
567 455 
567 457 
946 542 
946 70 
946 972 
946 65 
946 28 
946 942 
946 483 
946 16 
867 193 
867 322 
867 353 
867 897 
867 130 
867 682 
779 334 
779 672 
779 79 
779 578 
779 378 
748 588 
748 722 
748 115 
748 7 
748 568 
748 258 
335 692 
335 603 
335 980 
335 710 
369 907 
369 42 
369 128 
836 38 
836 575 
836 712 
836 673 
836 152 
836 78 
518 171 
440 918 
440 132 
440 426 
440 544 
162 110 
162 240 
162 445 
162 452 
162 707 
223 153 
223 131 
199 979 
199 223 
72 489 
72 110 
72 312 
72 513 
72 944 
72 242 
72 417 
72 262 
72 111 
72 779 
304 313 
304 294 
304 373 
304 448 
304 931 
145 452 
145 842 
145 554 
145 671 
598 692 
598 802 
598 513 
598 514 
598 523 
598 11 
598 727 
598 14 
598 276 
723 870 
723 759 
723 65 
723 1 
723 785 
723 808 
723 553 
723 753 
118 588 
118 115 
118 686 
118 676 
118 263 
260 565 
260 238 
260 522 
260 825 
260 777 
260 232 
97 328 
97 23 
97 201 
97 732 
771 289 
771 70 
771 558 
771 495 
771 890 
771 23 
891 242 
891 540 
197 330 
197 75 
197 694 
197 213 
383 934 
383 888 
383 918 
383 426 
168 948 
168 196 
168 154 
837 33 
837 830 
837 940 
837 232 
583 824 
583 683 
583 960 
583 344 
583 314 
687 68 
687 975 
687 707 
687 444 
687 550 
423 356 
736 536 
736 264 
736 720 
736 553 
765 352 
765 58 
941 489 
941 730 
941 190 
941 400 
941 585 
271 193 
271 43 
271 537 
271 103 
524 216 
524 311 
524 302 
524 423 
427 734 
427 848 
427 623 
427 102 
427 918 
427 28 
427 775 
427 815 
600 391 
600 242 
600 57 
600 162 
974 577 
974 917 
974 227 
974 730 
974 208 
974 487 
974 345 
974 383 
703 759 
703 360 
527 330 
527 699 
527 666 
527 418 
527 739 
527 261 
527 59 
527 995 
527 687 
265 27 
265 136 
265 357 
265 475 
265 952 
939 657 
939 137 
939 862 
939 191 
939 741 
939 555 
456 593 
456 319 
456 534 
456 101 
456 799 
198 588 
198 43 
198 468 
851 196 
851 950 
851 803 
851 118 
348 313 
348 577 
348 135 
348 432 
348 143 
348 362 
348 214 
348 543 
622 711 
622 759 
622 26 
622 560 
622 891 
163 935 
163 104 
649 237 
649 819 
649 215 
649 345 
649 726 
39 431 
39 801 
39 814 
752 655 
752 431 
752 203 
752 21 
499 525 
499 876 
25 692 
25 3 
25 806 
25 250 
990 824 
990 661 
990 931 
239 402 
239 616 
239 981 
239 411 
856 152 
856 789 
390 680 
390 477 
390 394 
390 299 
390 562 
390 348 
247 717 
646 982 
646 980 
48 987 
48 378 
48 718 
761 160 
761 405 
761 819 
865 565 
865 55 
865 623 
865 267 
865 917 
865 879 
865 190 
865 530 
865 767 
865 519 
844 770 
844 896 
844 749 
768 435 
768 620 
768 854 
768 705 
121 489 
121 624 
121 87 
121 232 
121 546 
121 993 
500 196 
500 639 
500 239 
144 439 
144 720 
144 147 
609 881 
609 767 
200 870 
200 397 
200 546 
32 891 
716 193 
716 8 
716 262 
716 496 
716 276 
716 336 
716 162 
631 764 
631 148 
631 968 
631 519 
185 166 
185 361 
185 876 
185 653 
94 312 
94 231 
94 669 
94 766 
52 231 
52 955 
52 217 
52 548 
52 199 
52 716 
925 870 
925 404 
925 166 
925 585 
925 504 
925 933 
925 145 
169 986 
169 810 
169 399 
169 629 
169 132 
169 705 
169 483 
169 562 
169 752 
169 990 
702 651 
702 97 
306 119 
306 452 
306 563 
306 260 
688 967 
688 803 
688 318 
688 147 
320 651 
320 377 
320 559 
320 732 
320 882 
320 617 
320 427 
648 722 
648 958 
648 67 
648 395 
648 499 
20 656 
20 328 
20 152 
20 73 
601 882 
601 767 
601 499 
146 743 
146 976 
146 99 
146 311 
146 808 
146 466 
511 986 
511 435 
511 781 
511 102 
511 461 
511 617 
188 821 
188 119 
188 353 
188 713 
188 459 
91 813 
91 80 
91 156 
992 376 
992 996 
992 602 
446 155 
446 479 
446 203 
446 982 
446 659 
446 163 
380 216 
380 819 
380 177 
380 227 
380 628 
380 748 
380 97 
380 609 
681 657 
681 667 
681 623 
681 264 
681 413 
681 911 
681 143 
681 940 
681 383 
49 651 
49 2 
49 312 
49 697 
49 405 
49 633 
49 969 
49 929 
49 853 
49 387 
49 641 
49 543 
49 752 
505 289 
505 667 
505 464 
505 628 
505 822 
505 498 
505 974 
505 716 
724 220 
724 10 
724 785 
724 318 
724 980 
857 589 
857 308 
857 266 
857 144 
746 918 
746 125 
746 878 
746 477 
746 118 
151 43 
151 991 
740 803 
740 243 
740 423 
740 456 
740 446 
735 437 
81 599 
81 998 
81 379 
81 507 
81 766 
13 901 
13 950 
13 328 
13 908 
13 171 
13 628 
13 226 
930 775 
930 960 
930 272 
930 550 
66 619 
66 978 
66 462 
66 387 
517 722 
517 135 
517 693 
517 461 
517 562 
371 983 
371 429 
371 167 
371 981 
371 705 
371 344 
5 42 
5 549 
5 925 
868 809 
868 164 
868 977 
868 939 
284 326 
284 263 
284 600 
149 957 
149 488 
149 408 
149 812 
149 335 
329 595 
329 289 
329 823 
329 674 
329 539 
329 741 
329 468 
329 263 
329 505 
329 857 
174 802 
174 616 
174 298 
174 540 
174 444 
174 653 
174 847 
221 303 
221 978 
221 459 
221 575 
221 549 
221 214 
221 752 
221 681 
416 713 
416 747 
416 238 
416 914 
416 679 
416 609 
774 19 
774 409 
774 347 
774 976 
774 525 
774 104 
774 996 
774 985 
774 314 
798 849 
798 377 
798 671 
36 699 
36 607 
36 93 
36 755 
36 546 
36 946 
36 25 
133 802 
133 638 
133 4 
133 365 
133 99 
133 182 
133 551 
133 789 
127 330 
127 605 
127 203 
127 311 
127 987 
127 683 
127 420 
566 623 
566 267 
566 608 
566 550 
566 609 
910 570 
910 173 
910 854 
910 947 
834 243 
834 298 
834 174 
403 570 
403 353 
403 187 
403 548 
403 80 
403 228 
594 697 
594 231 
594 319 
594 283 
594 488 
594 834 
510 559 
510 831 
873 137 
873 823 
873 256 
873 335 
873 566 
89 129 
89 794 
89 101 
268 797 
268 278 
268 322 
268 732 
790 624 
790 754 
790 14 
790 95 
926 401 
926 896 
926 161 
926 886 
926 394 
926 364 
926 147 
926 925 
926 13 
301 8 
301 207 
301 116 
301 808 
301 913 
301 448 
301 149 
973 376 
973 553 
973 519 
973 174 
436 408 
436 6 
252 375 
252 705 
252 748 
354 65 
354 654 
354 67 
354 741 
647 657 
647 912 
647 203 
647 487 
696 604 
696 59 
696 103 
696 687 
887 110 
887 514 
887 745 
887 256 
887 816 
398 711 
398 655 
398 903 
398 100 
398 859 
351 936 
351 100 
351 641 
382 100 
382 896 
382 171 
382 707 
382 447 
382 32 
382 371 
434 520 
434 673 
434 603 
434 806 
434 904 
434 268 
422 619 
422 376 
422 277 
422 943 
422 167 
422 241 
422 384 
422 602 
422 601 
422 151 
310 458 
310 838 
310 590 
310 794 
310 448 
381 829 
381 607 
381 978 
381 945 
381 432 
98 685 
98 802 
85 297 
85 217 
85 498 
85 57 
85 358 
769 287 
769 305 
769 554 
883 66 
368 870 
368 8 
368 486 
850 982 
850 398 
938 312 
938 593 
938 805 
938 6 
938 563 
938 364 
938 306 
938 91 
124 564 
124 393 
124 926 
225 734 
225 591 
225 725 
225 995 
962 784 
962 743 
962 277 
962 807 
962 143 
962 318 
962 550 
962 146 
51 276 
750 623 
750 287 
750 84 
827 157 
827 50 
827 107 
827 444 
827 241 
827 962 
780 534 
780 707 
780 663 
780 553 
780 814 
113 216 
113 294 
113 417 
113 466 
113 618 
113 719 
113 949 
113 174 
92 27 
92 288 
92 457 
92 139 
744 222 
744 452 
744 786 
744 519 
235 428 
235 698 
235 559 
235 84 
235 169 
235 510 
235 647 
172 40 
172 737 
172 452 
172 227 
172 305 
172 317 
172 260 
172 974 
443 826 
443 620 
443 386 
443 187 
443 410 
820 870 
820 976 
820 438 
820 607 
820 552 
820 457 
820 837 
194 19 
194 760 
194 826 
194 801 
194 689 
194 165 
194 679 
194 98 
792 321 
792 821 
792 699 
792 672 
792 899 
792 977 
792 606 
442 823 
442 245 
442 206 
442 521 
442 390 
818 10 
818 418 
818 879 
818 982 
818 305 
818 104 
818 132 
818 516 
818 362 
818 742 
818 554 
818 500 
818 724 
818 792 
970 515 
970 862 
970 741 
970 323 
970 799 
970 857 
970 5 
970 89 
970 235 
731 104 
731 618 
526 833 
526 431 
526 40 
526 464 
526 728 
526 521 
526 510 
56 638 
56 76 
56 100 
56 918 
56 629 
56 256 
56 991 
56 475 
56 111 
56 602 
572 17 
572 710 
572 968 
572 72 
572 92 
506 193 
506 899 
506 876 
506 753 
506 381 
709 401 
709 801 
246 680 
246 283 
246 45 
246 233 
246 502 
246 825 
701 350 
701 782 
701 557 
701 474 
701 48 
366 334 
366 485 
366 335 
366 197 
366 144 
733 294 
733 721 
733 328 
733 539 
733 644 
733 519 
733 427 
733 235 
538 404 
538 943 
538 217 
538 603 
538 80 
538 412 
538 857 
796 50 
796 444 
796 113 
291 983 
291 278 
291 339 
291 242 
291 58 
291 266 
291 146 
951 118 
951 609 
951 731 
218 28 
218 996 
218 109 
218 891 
218 990 
218 970 
218 709 
627 438 
627 671 
627 652 
627 868 
337 692 
337 514 
337 578 
337 876 
337 613 
337 73 
337 21 
337 144 
337 310 
465 784 
465 581 
465 569 
465 563 
465 999 
465 85 
757 972 
757 536 
757 335 
924 157 
924 608 
924 450 
924 913 
924 753 
924 443 
255 489 
255 888 
255 939 
778 254 
778 68 
778 130 
778 320 
778 780 
632 331 
632 58 
224 173 
224 607 
665 12 
665 708 
665 353 
665 815 
419 34 
419 389 
419 700 
419 412 
419 72 
296 220 
296 801 
296 384 
296 5 
635 619 
635 10 
635 83 
219 942 
219 208 
219 383 
532 515 
532 234 
532 176 
532 824 
532 522 
532 127 
532 733 
964 892 
964 846 
964 800 
964 290 
964 576 
964 960 
964 345 
964 941 
342 863 
342 147 
120 611 
120 377 
112 222 
112 431 
112 43 
112 459 
112 258 
112 103 
112 688 
112 517 
112 873 
106 55 
106 433 
106 907 
106 699 
106 679 
106 64 
106 39 
106 224 
927 109 
927 16 
927 39 
927 219 
158 429 
158 438 
158 593 
158 315 
158 6 
158 628 
158 677 
158 364 
158 867 
158 149 
158 139 
470 784 
470 860 
470 687 
470 113 
470 419 
175 161 
175 152 
175 118 
175 925 
186 966 
186 603 
186 758 
186 687 
186 925 
186 225 
751 700 
751 508 
122 476 
122 512 
122 801 
122 840 
919 858 
919 542 
919 976 
919 349 
919 730 
919 59 
919 159 
919 228 
919 49 
280 804 
280 986 
280 604 
280 838 
280 87 
280 474 
280 688 
954 835 
954 206 
954 77 
954 942 
954 128 
954 111 
954 172 
126 257 
126 822 
126 560 
126 834 
86 26 
86 552 
86 125 
86 320 
86 505 
86 329 
492 153 
492 673 
492 580 
492 716 
492 268 
492 973 
47 4 
47 522 
47 641 
47 382 
47 296 
921 833 
921 430 
921 396 
921 494 
921 358 
921 865 
845 811 
845 878 
845 541 
845 24 
695 520 
695 967 
695 824 
695 396 
695 599 
695 729 
695 126 
467 994 
467 180 
467 196 
467 782 
467 592 
467 241 
467 688 
467 992 
467 381 
388 298 
388 573 
388 856 
388 768 
388 106 
71 855 
71 134 
71 192 
71 739 
71 439 
71 494 
71 251 
71 415 
140 628 
140 853 
140 582 
41 828 
41 209 
41 671 
41 701 
370 451 
370 437 
370 976 
370 346 
370 80 
370 426 
370 122 
279 612 
279 976 
279 539 
279 882 
279 842 
279 51 
678 429 
678 339 
678 639 
678 418 
678 739 
678 521 
678 280 
15 858 
15 564 
15 893 
15 292 
15 702 
15 857 
15 296 
650 967 
650 633 
650 607 
650 534 
650 851 
650 938 
29 895 
29 986 
29 672 
29 539 
29 559 
29 178 
29 316 
29 184 
29 60 
29 572 
29 757 
482 797 
482 559 
482 39 
645 134 
645 879 
645 782 
645 775 
645 559 
645 758 
645 342 
645 492 
117 476 
117 165 
117 551 
117 974 
117 422 
117 368 
359 399 
359 969 
359 878 
359 908 
359 96 
359 767 
359 740 
359 296 
248 848 
248 405 
248 539 
248 161 
248 812 
248 723 
248 757 
293 138 
293 805 
293 206 
293 408 
293 852 
293 968 
293 97 
293 930 
44 142 
44 734 
44 912 
44 473 
46 983 
46 923 
46 253 
46 540 
46 649 
46 291 
46 186 
491 680 
491 4 
491 591 
491 957 
491 378 
491 272 
491 946 
491 52 
610 282 
610 662 
610 9 
610 425 
610 953 
610 285 
610 281 
610 149 
610 526 
610 845 
610 388 
928 137 
928 698 
928 448 
928 39 
928 122 
35 849 
35 313 
35 392 
35 409 
35 4 
35 984 
35 545 
35 116 
35 250 
35 566 
35 219 
898 692 
898 556 
898 385 
898 811 
898 238 
898 410 
898 742 
898 209 
88 934 
88 1 
88 541 
88 178 
88 109 
88 225 
529 624 
529 523 
529 161 
529 316 
529 507 
529 964 
236 438 
236 552 
236 749 
236 671 
236 92 
236 56 
210 838 
210 464 
210 267 
210 477 
210 462 
210 574 
210 213 
210 66 
210 928 
244 401 
244 656 
244 809 
244 143 
244 613 
244 999 
244 112 
244 29 
325 578 
325 865 
325 925 
325 36 
325 526 
900 100 
900 81 
900 186 
900 919 
259 428 
259 911 
259 886 
259 24 
259 706 
259 36 
259 139 
