930 3 
554 152 
436 571 
858 241 
902 706 
499 669 
365 612 
655 702 
113 174 
2 365 
215 64 
792 464 
39 172 
740 285 
137 29 
137 655 
137 618 
658 174 
658 612 
408 131 
408 174 
18 310 
972 448 
34 904 
106 285 
106 791 
106 104 
96 153 
749 164 
838 125 
838 779 
923 764 
584 706 
584 499 
278 143 
278 838 
225 215 
165 219 
798 380 
734 620 
155 904 
355 141 
95 236 
651 229 
49 219 
49 164 
49 294 
710 117 
710 114 
710 294 
19 734 
204 18 
452 236 
876 310 
694 833 
353 795 
426 215 
640 411 
582 618 
338 94 
338 640 
169 792 
169 154 
169 594 
642 655 
642 972 
45 95 
559 241 
900 104 
284 553 
284 900 
750 740 
940 792 
339 241 
339 670 
82 94 
82 155 
82 75 
985 355 
404 616 
572 359 
572 792 
572 294 
672 923 
672 915 
921 452 
617 350 
617 404 
471 651 
222 126 
421 985 
458 930 
156 582 
495 278 
717 838 
206 143 
206 39 
206 169 
463 95 
463 175 
911 791 
911 923 
911 694 
182 864 
25 190 
996 402 
996 258 
822 584 
274 602 
274 411 
274 92 
932 822 
275 29 
814 172 
814 969 
416 448 
842 706 
842 491 
842 174 
842 779 
176 29 
176 536 
633 146 
865 125 
865 676 
865 294 
492 147 
220 553 
218 222 
812 75 
812 404 
577 236 
538 94 
538 708 
217 749 
217 692 
217 818 
217 182 
916 258 
879 365 
879 218 
866 542 
315 257 
128 602 
128 676 
128 617 
128 633 
333 147 
333 19 
970 858 
970 536 
11 380 
11 113 
11 685 
11 146 
11 177 
11 577 
11 538 
231 141 
231 122 
231 175 
810 755 
489 155 
489 416 
606 924 
606 810 
668 315 
964 29 
964 858 
964 19 
308 122 
308 20 
526 402 
526 510 
526 106 
526 220 
198 871 
246 172 
246 467 
990 19 
546 182 
77 409 
38 795 
731 25 
893 294 
87 452 
87 471 
127 651 
115 365 
115 34 
115 225 
115 46 
211 491 
211 164 
211 458 
854 49 
854 731 
550 139 
919 106 
919 294 
919 222 
480 510 
480 791 
569 659 
852 964 
354 919 
150 584 
150 222 
880 278 
880 225 
880 379 
774 710 
774 19 
774 842 
774 480 
774 852 
600 318 
600 104 
12 791 
12 150 
507 379 
507 182 
650 152 
650 990 
690 955 
943 734 
943 126 
943 822 
185 408 
403 492 
23 710 
952 582 
952 616 
952 489 
35 309 
35 339 
35 74 
35 513 
35 87 
70 215 
70 582 
251 198 
872 876 
639 231 
111 940 
111 77 
194 806 
194 231 
657 452 
657 206 
657 492 
470 229 
470 60 
517 576 
983 153 
983 294 
321 125 
321 217 
321 606 
643 65 
643 640 
240 788 
240 46 
498 150 
498 194 
48 584 
48 617 
48 924 
48 822 
108 655 
894 18 
894 852 
325 616 
903 491 
903 285 
903 920 
903 643 
632 194 
304 229 
304 990 
648 692 
648 943 
998 416 
998 812 
926 517 
413 990 
647 315 
681 875 
681 482 
681 546 
681 650 
896 694 
348 424 
348 842 
578 930 
578 955 
721 555 
721 380 
721 576 
121 594 
121 969 
626 489 
539 702 
539 308 
563 65 
563 355 
563 814 
563 893 
563 108 
824 582 
824 495 
824 569 
824 955 
540 740 
540 309 
540 128 
83 428 
62 365 
62 25 
62 996 
483 155 
483 606 
562 97 
601 876 
528 152 
528 146 
574 491 
574 359 
574 788 
574 690 
69 838 
160 83 
918 612 
918 318 
918 617 
918 62 
7 241 
7 407 
435 542 
435 471 
815 657 
882 554 
882 437 
882 540 
978 876 
978 354 
978 97 
978 528 
449 137 
449 348 
449 978 
4 309 
4 536 
282 29 
282 833 
282 217 
282 890 
187 538 
678 633 
440 513 
440 354 
835 576 
835 569 
610 331 
610 359 
610 46 
610 62 
796 562 
613 29 
613 11 
613 903 
613 882 
91 758 
91 613 
444 273 
444 164 
444 62 
444 610 
530 409 
529 571 
529 359 
529 483 
405 818 
405 354 
188 339 
508 738 
443 692 
443 35 
443 405 
861 692 
608 350 
608 865 
608 894 
608 562 
535 65 
994 143 
994 996 
994 810 
994 108 
994 62 
212 153 
212 755 
212 111 
199 792 
55 106 
55 220 
55 550 
55 896 
55 69 
145 463 
827 402 
827 18 
827 275 
827 896 
210 631 
210 35 
210 97 
663 491 
663 758 
663 610 
885 458 
885 25 
772 681 
772 540 
736 812 
841 39 
841 156 
349 477 
349 734 
878 222 
878 139 
878 824 
878 540 
32 657 
695 39 
695 452 
800 353 
800 404 
214 104 
214 25 
214 304 
732 104 
732 210 
24 97 
683 204 
683 458 
790 584 
603 19 
603 467 
266 594 
958 104 
189 758 
189 32 
120 640 
120 546 
102 553 
9 499 
9 114 
9 793 
9 12 
242 75 
242 240 
847 39 
847 210 
989 197 
414 18 
829 146 
829 644 
245 800 
66 49 
66 169 
66 69 
105 546 
662 125 
662 584 
662 647 
988 791 
988 818 
988 66 
17 96 
17 218 
17 815 
17 187 
859 639 
61 2 
61 146 
61 188 
976 943 
976 721 
976 91 
287 978 
287 282 
722 60 
722 353 
722 177 
722 847 
590 985 
590 911 
590 182 
590 128 
590 668 
590 194 
590 894 
590 976 
53 617 
53 405 
541 546 
439 113 
439 403 
439 926 
280 464 
280 409 
280 246 
376 380 
376 651 
376 657 
376 413 
376 647 
376 603 
329 613 
324 602 
283 94 
283 65 
283 278 
283 482 
283 998 
232 217 
232 880 
232 304 
232 772 
261 95 
261 717 
261 919 
261 603 
500 681 
263 577 
263 160 
263 529 
656 353 
975 117 
975 594 
975 128 
390 670 
390 407 
390 348 
170 740 
170 576 
170 961 
170 878 
925 510 
925 926 
925 439 
942 174 
942 755 
942 121 
454 918 
704 899 
704 885 
745 152 
745 833 
745 606 
745 983 
356 29 
356 610 
931 169 
931 940 
944 109 
944 695 
944 283 
674 464 
149 285 
149 478 
149 409 
149 842 
149 890 
149 882 
481 571 
481 706 
481 651 
481 379 
481 663 
387 172 
387 204 
51 710 
624 584 
624 576 
908 87 
908 634 
652 17 
233 749 
233 220 
432 559 
432 899 
432 23 
432 678 
432 170 
415 601 
711 507 
711 443 
351 452 
351 197 
525 125 
525 670 
525 659 
525 818 
525 911 
525 540 
525 501 
525 711 
884 467 
884 926 
21 333 
21 964 
21 919 
869 849 
869 536 
869 717 
869 315 
429 325 
429 261 
509 94 
509 871 
509 228 
809 584 
809 940 
809 156 
809 717 
809 17 
237 764 
237 554 
237 902 
237 75 
237 62 
57 231 
57 790 
247 818 
173 806 
173 4 
173 711 
744 559 
744 869 
394 904 
394 294 
394 865 
394 194 
394 882 
116 972 
116 77 
381 674 
487 164 
487 217 
487 943 
487 744 
33 660 
778 228 
778 213 
778 663 
673 538 
573 409 
573 882 
382 335 
382 349 
382 207 
382 590 
973 411 
973 174 
973 145 
293 127 
293 562 
293 989 
293 525 
671 865 
971 411 
971 169 
512 491 
512 113 
512 961 
512 911 
512 308 
512 678 
512 340 
373 658 
373 526 
373 942 
373 711 
373 33 
161 114 
161 582 
161 11 
161 998 
161 83 
472 338 
472 38 
506 838 
506 903 
180 213 
383 555 
383 550 
383 233 
981 553 
981 0 
981 339 
981 513 
981 403 
981 187 
981 506 
401 961 
401 218 
401 578 
401 282 
303 92 
303 644 
303 859 
941 970 
941 111 
941 9 
826 764 
826 131 
826 190 
826 424 
826 333 
826 964 
826 550 
826 17 
497 606 
442 764 
442 814 
442 9 
167 571 
167 923 
167 49 
167 121 
167 487 
820 256 
820 911 
820 224 
384 29 
384 553 
384 899 
384 102 
418 153 
418 155 
418 413 
816 774 
816 405 
816 984 
816 376 
816 167 
733 318 
733 217 
733 796 
10 795 
10 866 
10 121 
10 958 
987 985 
987 621 
987 371 
36 471 
36 924 
36 955 
36 33 
171 141 
171 492 
171 407 
171 77 
171 826 
171 371 
455 439 
523 331 
523 325 
957 864 
957 546 
957 437 
636 834 
636 480 
636 944 
946 899 
946 633 
946 695 
946 859 
946 454 
939 190 
939 0 
939 692 
939 108 
939 903 
939 149 
807 143 
807 833 
807 495 
807 865 
728 136 
728 210 
728 976 
728 329 
52 669 
52 499 
52 923 
52 810 
52 894 
52 824 
129 206 
130 331 
130 188 
130 674 
623 694 
623 207 
623 590 
623 283 
716 136 
716 758 
716 732 
716 989 
716 722 
716 293 
27 19 
27 678 
27 384 
945 640 
945 852 
831 969 
831 440 
831 621 
831 957 
853 676 
853 702 
853 842 
853 810 
531 660 
531 535 
912 104 
912 904 
912 169 
912 256 
912 998 
912 610 
54 236 
735 925 
735 151 
434 651 
434 240 
79 51 
79 487 
6 876 
6 921 
337 147 
337 909 
337 572 
337 449 
15 407 
15 965 
15 574 
799 924 
799 854 
799 695 
799 381 
799 383 
456 471 
456 842 
456 919 
456 10 
625 755 
625 526 
369 908 
369 351 
292 190 
292 49 
292 879 
977 176 
977 918 
773 421 
773 606 
773 894 
873 926 
873 980 
494 659 
494 946 
950 685 
950 919 
950 111 
950 815 
26 359 
26 985 
26 207 
26 280 
26 704 
26 778 
762 228 
762 371 
462 117 
462 529 
462 733 
622 600 
622 610 
794 806 
794 921 
794 15 
938 380 
938 852 
938 983 
938 815 
938 732 
938 925 
700 996 
700 820 
700 418 
566 2 
566 177 
566 498 
566 17 
566 170 
157 109 
157 46 
157 517 
157 988 
157 384 
209 865 
209 66 
209 439 
209 170 
209 233 
951 480 
951 531 
479 232 
479 957 
522 170 
522 356 
298 245 
205 172 
205 923 
205 171 
269 499 
269 640 
661 426 
661 685 
661 827 
661 733 
327 764 
327 458 
696 921 
696 525 
962 734 
962 865 
488 283 
488 292 
597 204 
597 610 
637 116 
630 930 
630 49 
630 256 
221 749 
221 734 
221 750 
221 539 
221 958 
347 833 
347 242 
698 618 
698 69 
698 809 
698 630 
412 651 
412 758 
412 495 
412 842 
412 467 
412 35 
412 263 
412 778 
991 185 
991 111 
991 121 
420 204 
420 869 
783 779 
783 610 
783 161 
783 987 
705 792 
705 495 
705 9 
705 975 
705 671 
705 52 
568 147 
568 426 
568 865 
568 690 
568 816 
724 458 
724 120 
724 476 
592 55 
592 27 
124 126 
124 755 
641 190 
641 424 
641 92 
641 563 
641 66 
641 460 
895 34 
895 45 
895 257 
895 480 
895 690 
895 381 
410 428 
410 692 
410 251 
410 167 
168 113 
99 806 
99 926 
99 432 
99 716 
567 137 
567 658 
567 854 
567 550 
567 861 
567 908 
954 670 
954 310 
954 141 
954 278 
604 77 
604 796 
604 232 
709 655 
709 38 
709 639 
203 893 
203 87 
203 180 
98 440 
98 381 
752 779 
752 523 
752 938 
752 157 
801 365 
801 852 
801 432 
801 853 
801 873 
192 402 
192 109 
192 507 
192 918 
192 6 
776 139 
776 62 
776 412 
423 676 
423 27 
549 114 
549 176 
549 405 
549 622 
570 339 
570 87 
570 919 
570 23 
570 412 
570 567 
148 333 
148 407 
148 444 
148 188 
548 935 
100 332 
100 924 
100 829 
100 337 
28 871 
28 11 
28 506 
78 46 
78 955 
78 630 
619 231 
619 77 
619 454 
619 705 
619 548 
496 256 
496 272 
496 831 
496 698 
910 236 
910 95 
910 577 
910 762 
250 285 
250 969 
250 814 
250 407 
714 424 
714 379 
714 879 
714 216 
595 795 
595 899 
595 435 
81 820 
43 655 
43 104 
43 569 
43 405 
43 541 
43 942 
579 154 
579 256 
579 304 
579 528 
769 6 
769 298 
917 904 
917 955 
917 800 
917 434 
928 257 
928 818 
928 879 
928 321 
453 122 
453 488 
742 125 
742 536 
742 108 
742 32 
742 700 
949 241 
949 39 
949 644 
949 736 
949 171 
44 491 
44 20 
44 443 
44 732 
599 332 
599 471 
599 237 
599 496 
427 147 
427 921 
427 883 
427 879 
427 866 
427 810 
427 829 
427 716 
427 951 
427 453 
560 315 
560 232 
560 387 
868 669 
868 448 
868 116 
56 424 
56 911 
56 810 
56 214 
56 732 
56 950 
56 511 
392 428 
392 355 
392 404 
392 266 
392 831 
392 991 
743 610 
743 387 
514 969 
514 333 
514 251 
514 765 
514 456 
514 977 
514 298 
514 347 
485 555 
485 900 
485 731 
485 562 
163 70 
163 145 
995 478 
995 165 
995 872 
995 105 
995 129 
995 462 
614 220 
614 943 
614 939 
360 510 
360 616 
360 964 
360 9 
360 977 
360 494 
691 881 
691 795 
691 194 
691 882 
691 418 
243 127 
243 774 
243 280 
123 403 
123 36 
719 285 
719 136 
719 215 
821 350 
821 258 
821 231 
821 476 
319 174 
319 572 
319 429 
966 177 
966 379 
966 980 
417 812 
417 4 
417 683 
417 266 
417 662 
417 787 
417 81 
417 742 
417 719 
586 117 
586 734 
586 437 
715 164 
715 563 
715 6 
715 622 
615 130 
14 113 
14 185 
14 958 
14 173 
14 733 
14 868 
132 904 
132 19 
132 899 
132 492 
132 964 
132 439 
132 293 
132 130 
516 792 
516 918 
516 939 
302 926 
302 539 
302 384 
889 338 
889 550 
889 508 
889 232 
703 29 
703 708 
703 882 
929 694 
929 416 
929 918 
929 826 
929 203 
645 554 
645 970 
645 4 
645 337 
645 369 
645 327 
397 34 
397 246 
397 647 
397 946 
936 284 
936 996 
936 455 
936 787 
400 955 
400 983 
400 678 
400 414 
317 205 
605 161 
605 303 
605 987 
184 225 
184 256 
184 884 
638 64 
638 847 
688 216 
688 224 
688 100 
688 28 
688 514 
777 155 
777 401 
777 623 
202 996 
202 511 
713 117 
713 617 
713 884 
713 873 
804 448 
804 559 
804 500 
804 688 
598 164 
598 146 
598 924 
598 822 
598 176 
598 660 
598 517 
598 962 
8 3 
8 970 
8 149 
8 523 
8 462 
982 92 
982 663 
982 371 
837 75 
837 539 
837 912 
532 633 
532 115 
532 585 
532 988 
532 634 
532 652 
532 33 
178 64 
178 353 
178 610 
178 522 
313 970 
313 610 
505 127 
505 852 
505 994 
505 329 
505 382 
505 698 
505 78 
653 675 
653 617 
653 860 
653 988 
828 436 
828 568 
828 615 
316 3 
316 571 
316 706 
316 106 
316 940 
316 828 
830 834 
830 403 
830 678 
907 106 
907 97 
907 329 
907 801 
907 250 
729 818 
729 854 
474 675 
474 452 
474 45 
474 599 
545 365 
545 834 
545 653 
552 554 
552 643 
552 91 
552 807 
299 131 
299 793 
299 214 
299 938 
299 205 
193 53 
193 946 
193 794 
193 724 
193 837 
314 988 
314 928 
314 8 
311 20 
311 815 
311 541 
446 49 
446 774 
446 55 
446 512 
687 577 
687 926 
687 662 
196 145 
196 736 
196 485 
760 702 
760 109 
760 590 
47 694 
47 582 
47 900 
47 711 
504 620 
504 972 
504 483 
504 293 
504 801 
195 152 
195 559 
195 416 
195 506 
195 427 
195 719 
300 526 
300 304 
300 266 
300 36 
300 783 
502 833 
502 106 
502 538 
502 283 
502 942 
886 734 
886 614 
270 189 
270 15 
727 984 
727 167 
727 962 
727 78 
50 555 
50 34 
50 582 
50 309 
50 373 
50 719 
425 749 
425 619 
425 995 
425 653 
183 694 
183 405 
846 854 
846 237 
846 420 
846 653 
757 985 
757 506 
558 669 
558 909 
558 452 
558 818 
558 656 
558 316 
840 402 
840 734 
840 610 
840 100 
840 929 
363 578 
363 329 
363 912 
363 28 
589 528 
249 655 
249 114 
249 980 
249 671 
753 507 
753 442 
753 977 
753 360 
753 719 
753 713 
346 495 
346 810 
346 97 
346 292 
85 83 
85 6 
85 873 
739 553 
739 169 
739 896 
739 311 
93 458 
93 173 
93 171 
93 957 
93 939 
93 178 
850 886 
445 115 
445 242 
186 152 
186 655 
186 106 
186 206 
186 403 
186 261 
186 420 
591 218 
591 213 
368 258 
368 861 
368 778 
544 359 
544 546 
544 462 
544 522 
544 949 
544 757 
693 246 
693 600 
693 292 
730 11 
730 470 
730 531 
730 552 
336 655 
336 752 
756 113 
756 882 
756 412 
611 449 
611 613 
611 494 
611 558 
699 791 
699 717 
699 722 
699 828 
138 494 
138 360 
90 113 
431 165 
431 879 
431 648 
431 578 
431 476 
431 625 
431 99 
431 929 
825 428 
825 222 
825 256 
825 489 
825 550 
825 148 
825 368 
575 792 
575 394 
575 807 
575 221 
803 137 
803 750 
803 926 
803 237 
803 487 
803 625 
803 205 
803 966 
934 734 
934 315 
934 507 
963 64 
963 902 
963 818 
963 187 
963 442 
927 408 
927 194 
927 387 
927 869 
906 106 
906 559 
906 961 
906 4 
906 939 
906 560 
906 392 
72 332 
72 407 
72 648 
72 435 
72 841 
72 595 
72 739 
200 563 
200 9 
200 509 
200 418 
268 444 
268 980 
268 624 
268 611 
486 471 
486 87 
486 601 
486 99 
486 828 
960 717 
960 931 
960 381 
960 456 
960 730 
534 916 
534 127 
534 17 
534 261 
534 973 
534 392 
59 48 
59 443 
59 102 
59 853 
59 977 
59 178 
979 880 
979 727 
226 683 
856 788 
856 965 
537 136 
537 585 
537 81 
580 174 
580 215 
580 838 
580 109 
580 939 
593 219 
593 87 
593 988 
593 656 
593 423 
593 928 
593 682 
593 505 
521 441 
521 126 
521 416 
521 492 
521 207 
521 167 
521 26 
521 589 
817 165 
817 109 
817 965 
817 293 
817 327 
817 317 
913 849 
913 920 
913 535 
913 841 
913 624 
551 923 
551 818 
551 187 
551 199 
551 186 
551 693 
897 3 
897 272 
897 954 
897 485 
718 353 
718 572 
718 995 
419 45 
419 984 
419 790 
419 414 
419 698 
419 889 
490 809 
754 348 
754 987 
754 821 
754 178 
520 310 
520 554 
520 435 
520 732 
520 946 
323 470 
323 130 
252 634 
252 323 
330 65 
330 310 
330 190 
330 749 
330 538 
330 513 
330 943 
330 991 
330 739 
330 913 
515 620 
515 489 
515 263 
515 511 
515 934 
306 732 
306 929 
306 982 
306 687 
396 3 
396 380 
396 749 
396 734 
396 834 
396 918 
396 145 
396 401 
396 400 
819 172 
819 833 
819 492 
819 647 
819 573 
819 941 
819 661 
819 560 
358 923 
358 187 
358 622 
358 776 
358 313 
320 602 
320 212 
320 501 
320 157 
320 410 
320 192 
398 835 
398 57 
398 472 
398 100 
103 452 
103 126 
103 985 
103 814 
103 216 
103 57 
664 513 
664 494 
110 285 
110 827 
110 816 
110 196 
780 618 
780 49 
780 348 
780 821 
999 220 
999 585 
999 249 
239 153 
239 736 
239 481 
239 192 
76 498 
76 674 
76 570 
76 148 
76 445 
473 854 
473 440 
473 946 
473 347 
473 72 
179 714 
469 880 
469 325 
469 826 
469 661 
406 584 
406 337 
375 65 
375 500 
375 418 
375 853 
375 566 
253 165 
253 83 
253 423 
253 699 
666 642 
666 722 
666 268 
666 179 
58 113 
58 177 
58 74 
58 639 
58 348 
58 207 
58 429 
58 595 
378 717 
378 513 
378 90 
378 520 
438 424 
438 213 
438 197 
438 500 
438 716 
438 99 
438 691 
438 780 
295 833 
295 582 
71 285 
71 211 
71 660 
71 983 
71 240 
71 9 
71 382 
71 512 
71 473 
667 940 
667 463 
667 409 
667 15 
667 270 
345 402 
345 559 
345 61 
345 636 
345 625 
345 549 
328 467 
328 793 
328 878 
328 743 
328 193 
635 923 
635 83 
635 928 
781 585 
781 952 
781 663 
781 358 
459 620 
459 424 
459 518 
459 942 
459 454 
459 163 
459 300 
459 825 
845 571 
845 833 
845 657 
845 963 
845 664 
223 860 
223 733 
281 29 
281 610 
281 52 
281 691 
281 14 
248 333 
248 896 
248 752 
726 125 
726 333 
726 245 
726 757 
922 882 
922 24 
665 3 
665 852 
665 548 
665 446 
877 498 
877 221 
877 934 
862 526 
862 944 
862 384 
862 486 
255 698 
255 705 
344 838 
344 673 
344 619 
344 532 
344 960 
344 459 
901 27 
341 287 
341 954 
254 439 
254 624 
254 735 
947 672 
947 879 
947 610 
720 602 
720 18 
720 74 
720 483 
720 213 
720 449 
720 418 
720 597 
720 638 
720 906 
361 710 
361 978 
361 859 
805 685 
805 275 
805 577 
805 977 
649 65 
649 858 
649 146 
649 192 
649 828 
649 363 
761 585 
761 23 
761 862 
84 981 
84 826 
84 311 
370 324 
370 638 
524 172 
524 308 
524 828 
646 664 
519 165 
519 426 
519 991 
519 719 
519 400 
519 138 
519 520 
914 404 
914 623 
914 803 
914 906 
234 536 
234 890 
234 24 
234 568 
362 190 
362 640 
362 868 
362 59 
391 640 
391 546 
391 111 
391 479 
391 252 
391 519 
811 172 
811 141 
811 536 
811 566 
811 397 
811 336 
811 306 
208 428 
208 137 
208 875 
208 242 
208 987 
208 977 
208 26 
208 960 
208 726 
208 877 
956 152 
956 398 
395 46 
395 732 
395 36 
395 320 
898 606 
898 663 
898 129 
898 311 
759 152 
759 315 
759 671 
759 100 
759 427 
759 360 
759 58 
557 818 
557 662 
557 931 
557 420 
557 922 
41 871 
41 835 
41 698 
41 605 
547 427 
547 638 
547 922 
40 798 
40 335 
40 35 
40 722 
40 941 
40 56 
259 428 
259 685 
259 600 
259 639 
259 390 
259 360 
430 692 
430 46 
430 965 
430 578 
430 4 
290 437 
290 962 
290 804 
227 706 
227 496 
227 591 
42 694 
42 517 
42 245 
42 287 
42 314 
42 223 
857 642 
857 610 
857 800 
857 197 
857 10 
857 551 
857 398 
857 370 
352 402 
352 156 
352 74 
352 325 
352 885 
352 170 
352 454 
352 481 
352 780 
422 152 
422 241 
422 190 
422 2 
422 879 
422 643 
422 994 
422 17 
422 209 
422 713 
422 760 
422 825 
422 726 
680 452 
680 156 
680 721 
680 10 
680 599 
680 195 
680 438 
680 519 
238 740 
238 911 
238 573 
238 129 
238 954 
797 151 
797 917 
797 123 
797 84 
564 348 
564 958 
564 847 
564 673 
564 358 
447 83 
447 21 
144 663 
144 989 
144 179 
144 328 
144 42 
596 20 
30 799 
30 794 
30 724 
30 907 
30 59 
737 915 
737 952 
737 835 
737 908 
737 809 
737 10 
737 587 
767 429 
767 570 
767 545 
767 72 
277 147 
277 62 
277 371 
277 713 
301 818 
301 518 
301 976 
301 390 
301 960 
357 972 
357 355 
357 919 
357 384 
357 977 
357 148 
88 572 
88 383 
88 811 
786 774 
786 540 
786 161 
786 345 
561 669 
561 313 
561 378 
802 77 
802 70 
802 508 
802 346 
802 897 
389 236 
389 452 
389 865 
389 413 
389 210 
389 625 
389 928 
389 313 
389 680 
389 797 
468 380 
468 944 
468 933 
468 494 
468 347 
468 568 
468 753 
372 25 
372 62 
372 4 
372 984 
372 383 
372 300 
372 726 
372 352 
393 578 
393 91 
393 212 
393 973 
393 434 
393 370 
823 104 
823 576 
823 899 
823 335 
823 882 
823 733 
823 496 
823 50 
823 445 
863 631 
863 315 
863 687 
159 211 
159 539 
159 509 
159 250 
159 828 
159 521 
159 665 
244 380 
244 82 
244 969 
244 964 
244 35 
244 603 
244 173 
244 705 
725 285 
725 189 
725 245 
725 722 
725 439 
725 674 
725 28 
119 74 
119 483 
119 349 
119 72 
119 370 
89 758 
89 218 
89 577 
89 38 
374 989 
374 933 
374 468 
166 758 
166 965 
166 356 
166 479 
166 962 
166 226 
701 2 
701 640 
701 793 
701 970 
701 70 
701 374 
763 671 
763 936 
905 559 
905 865 
905 980 
905 897 
905 119 
832 266 
832 592 
832 743 
230 215 
230 92 
230 109 
230 100 
992 858 
992 884 
992 401 
992 966 
457 131 
457 978 
457 925 
457 116 
457 619 
457 552 
457 311 
457 811 
457 737 
503 426 
503 69 
503 381 
503 941 
503 203 
503 511 
503 802 
134 706 
134 661 
134 906 
134 468 
937 508 
937 329 
556 359 
556 977 
556 551 
844 492 
844 648 
844 931 
844 625 
367 402 
367 651 
367 245 
367 99 
271 477 
271 382 
271 699 
271 473 
101 310 
101 734 
101 150 
101 980 
101 132 
808 571 
808 125 
808 791 
808 681 
808 728 
16 961 
16 681 
16 760 
133 681 
133 978 
133 809 
133 946 
133 709 
133 646 
133 357 
86 411 
86 414 
86 272 
86 548 
86 645 
86 230 
968 147 
968 706 
968 616 
968 217 
968 919 
968 302 
968 316 
968 591 
968 547 
968 447 
747 278 
747 339 
747 171 
747 592 
747 511 
766 251 
766 539 
766 62 
766 530 
766 942 
37 612 
37 380 
851 659 
851 111 
851 195 
851 90 
851 534 
627 387 
627 525 
627 982 
135 277 
5 172 
5 426 
5 78 
399 287 
399 808 
527 190 
527 467 
527 650 
527 329 
527 36 
527 552 
527 395 
527 290 
689 102 
689 580 
689 457 
746 113 
746 175 
746 261 
746 512 
628 464 
628 798 
628 616 
628 812 
628 454 
628 129 
628 72 
628 40 
751 400 
712 74 
712 387 
712 777 
296 365 
296 795 
296 541 
296 347 
296 302 
296 628 
629 878 
629 946 
629 912 
629 661 
629 752 
782 642 
782 489 
782 943 
782 56 
782 243 
782 653 
782 730 
782 468 
386 940 
386 765 
386 505 
386 813 
654 408 
654 732 
654 656 
654 906 
748 904 
748 237 
748 671 
748 777 
748 208 
748 763 
748 367 
364 507 
364 444 
364 732 
364 197 
364 525 
364 224 
364 320 
364 438 
848 822 
848 275 
848 815 
848 356 
848 81 
450 172 
450 335 
450 471 
450 539 
450 574 
450 505 
450 239 
607 104 
607 75 
607 822 
607 896 
607 340 
607 280 
607 434 
607 37 
870 670 
870 692 
870 211 
870 920 
870 529 
870 161 
870 939 
297 865 
297 97 
297 562 
297 43 
297 344 
305 911 
305 983 
305 449 
305 287 
305 525 
305 733 
305 987 
305 476 
305 163 
305 614 
305 982 
305 761 
305 238 
305 870 
974 448 
974 61 
974 625 
974 696 
974 193 
974 797 
974 88 
974 832 
974 748 
307 733 
307 243 
158 206 
158 333 
158 507 
158 721 
158 608 
158 43 
158 763 
888 82 
888 690 
888 681 
888 348 
888 242 
888 980 
888 21 
888 15 
888 739 
888 591 
267 842 
267 485 
267 803 
267 330 
267 386 
775 165 
775 529 
775 24 
775 560 
775 766 
181 131 
181 896 
768 838 
768 970 
768 644 
768 695 
768 53 
768 157 
67 185 
67 432 
67 47 
67 85 
67 254 
465 849 
465 949 
465 897 
465 110 
465 84 
289 489 
289 282 
289 835 
289 210 
289 531 
289 906 
289 58 
289 748 
385 141 
385 217 
385 111 
385 272 
385 962 
385 392 
385 797 
959 795 
959 347 
959 782 
588 972 
588 92 
588 128 
588 513 
588 337 
588 123 
588 40 
191 358 
191 370 
191 307 
276 207 
276 496 
276 886 
276 664 
276 877 
276 974 
276 181 
366 471 
366 687 
366 997 
366 786 
235 3 
235 734 
235 841 
235 24 
235 303 
235 605 
235 757 
235 84 
235 747 
953 464 
953 258 
953 421 
953 36 
953 98 
953 851 
684 416 
684 880 
684 897 
312 365 
312 349 
312 938 
312 203 
312 560 
312 848 
201 65 
201 49 
201 345 
855 990 
855 854 
855 327 
855 759 
855 629 
286 872 
286 337 
484 218 
484 539 
581 274 
581 668 
581 965 
581 595 
836 225 
836 412 
836 168 
836 392 
836 330 
771 740 
771 896 
771 316 
771 88 
107 147 
107 911 
107 678 
73 167 
73 716 
73 780 
839 448 
839 788 
839 550 
839 498 
839 501 
839 725 
839 289 
68 154 
68 779 
68 594 
68 257 
68 755 
68 570 
68 691 
68 375 
892 951 
892 311 
334 176 
334 315 
433 408 
433 333 
433 83 
433 4 
433 693 
433 699 
433 898 
433 301 
433 905 
789 18 
789 19 
789 353 
789 211 
789 434 
789 586 
789 248 
789 484 
461 886 
461 589 
461 248 
461 73 
118 355 
118 471 
118 467 
118 376 
118 329 
118 10 
118 873 
118 552 
118 817 
118 802 
118 813 
686 464 
686 881 
686 473 
686 782 
686 836 
887 925 
887 698 
887 358 
887 811 
986 930 
986 272 
986 6 
986 473 
986 811 
986 746 
288 168 
288 611 
343 219 
343 169 
343 896 
343 846 
967 143 
967 441 
967 335 
967 127 
967 500 
967 382 
967 431 
967 226 
967 422 
13 229 
13 428 
13 477 
13 339 
13 146 
13 85 
13 898 
475 117 
475 562 
475 394 
475 167 
475 995 
475 739 
475 364 
784 744 
784 599 
784 963 
784 374 
679 657 
679 574 
679 958 
679 759 
679 680 
679 389 
279 470 
279 414 
279 630 
279 519 
279 230 
279 134 
993 969 
993 501 
993 760 
993 133 
993 771 
142 206 
142 233 
142 487 
142 292 
142 534 
142 720 
326 405 
326 847 
326 460 
326 269 
948 411 
948 606 
948 498 
948 487 
948 799 
948 729 
948 784 
80 553 
80 932 
80 585 
80 432 
80 319 
80 302 
80 898 
80 227 
80 766 
388 933 
388 488 
388 255 
388 805 
388 789 
377 350 
377 122 
377 407 
377 240 
377 981 
377 292 
377 453 
377 140 
843 10 
843 209 
843 567 
785 617 
785 299 
785 687 
785 67 
770 174 
770 20 
770 335 
770 633 
770 962 
770 821 
770 343 
322 318 
322 335 
322 210 
322 427 
322 929 
322 751 
262 355 
262 128 
262 23 
262 983 
262 240 
262 43 
262 13 
493 143 
493 102 
493 769 
493 544 
493 956 
493 797 
493 771 
533 606 
533 643 
533 539 
533 878 
533 781 
533 527 
112 764 
112 428 
112 920 
112 210 
112 671 
112 820 
112 957 
112 54 
112 79 
112 267 
112 684 
342 215 
342 671 
342 248 
466 122 
466 449 
466 432 
466 429 
466 671 
466 6 
466 892 
466 279 
265 219 
265 280 
265 173 
265 438 
265 968 
265 5 
543 875 
543 994 
543 847 
543 908 
543 497 
543 638 
543 144 
543 771 
162 177 
162 879 
162 210 
162 925 
162 346 
162 819 
162 684 
260 864 
260 650 
260 562 
260 508 
260 598 
260 803 
260 398 
260 767 
583 555 
583 113 
583 651 
583 458 
867 972 
867 955 
867 12 
867 494 
867 281 
867 588 
867 986 
741 838 
741 969 
741 175 
741 77 
741 624 
741 545 
741 521 
741 391 
451 894 
451 121 
451 563 
451 160 
451 214 
451 417 
451 837 
451 802 
451 158 
451 326 
451 388 
565 559 
565 237 
565 511 
565 248 
565 343 
707 631 
707 620 
707 106 
707 576 
707 969 
707 601 
707 829 
707 381 
707 446 
707 119 
707 73 
291 3 
291 708 
291 480 
291 405 
291 212 
291 81 
291 614 
291 299 
264 618 
264 647 
264 460 
264 820 
264 886 
264 746 
609 858 
609 834 
609 925 
609 957 
609 907 
609 68 
1 471 
1 574 
1 859 
1 687 
1 386 
1 888 
723 339 
723 721 
723 483 
723 673 
723 371 
723 801 
723 196 
723 277 
723 565 
874 131 
874 871 
874 774 
874 454 
874 303 
874 98 
874 433 
874 112 
697 841 
697 720 
697 811 
697 159 
697 158 
891 681 
891 30 
891 986 
891 967 
677 904 
677 170 
677 116 
677 269 
677 8 
677 159 
677 813 
