0  97
0  739
0  678
0  797
0  620
0  683
0  486
1  97
1  511
1  246
2  64
2  582
2  278
2  840
2  111
2  254
2  559
3  800
3  91
3  531
3  708
3  778
3  790
3  658
4  458
4  773
4  431
4  370
4  474
4  446
4  745
5  544
5  270
5  119
5  384
5  907
5  653
6  706
6  613
6  223
6  232
6  291
6  176
6  876
6  336
7  203
7  824
7  21
7  27
7  845
7  221
8  739
8  235
8  644
8  630
8  773
8  264
8  457
9  200
9  576
9  249
9  96
9  595
9  45
10  651
10  603
10  44
10  94
10  945
11  718
11  929
11  221
11  686
11  721
11  425
11  508
11  401
11  454
11  717
11  526
11  837
11  629
12  547
12  835
12  183
12  367
12  600
12  836
12  355
13  275
13  290
13  997
13  301
14  280
14  198
14  845
14  64
14  125
14  188
14  288
15  331
15  863
15  157
15  271
16  575
16  241
16  714
17  184
17  518
18  953
18  963
18  387
19  662
19  914
19  619
19  825
19  847
19  396
19  244
20  630
20  967
20  595
21  728
22  965
22  584
22  436
22  251
22  378
22  124
23  787
23  510
23  318
23  677
23  232
24  690
24  205
24  390
25  114
25  228
25  555
25  845
25  692
25  913
26  383
26  671
26  166
26  871
26  833
26  328
26  603
27  180
27  301
27  68
27  109
27  920
27  819
27  313
28  36
28  738
28  121
29  605
29  699
30  116
30  198
30  602
30  681
31  905
31  271
31  816
31  862
31  204
31  241
31  907
31  540
32  151
32  960
32  65
32  156
32  531
33  690
33  291
33  115
33  918
33  237
33  709
33  478
34  510
34  178
34  673
34  56
34  100
34  690
35  902
35  865
35  280
35  417
35  945
36  951
36  466
36  273
36  796
36  368
36  375
36  312
36  934
37  909
37  786
37  422
37  401
38  403
38  124
38  423
38  647
39  342
39  537
39  396
39  810
39  372
40  62
40  175
40  947
40  913
40  889
40  911
40  973
40  293
41  317
41  230
41  572
41  106
41  656
41  674
42  784
42  189
42  619
42  155
42  416
42  192
43  752
43  503
43  521
43  795
43  377
43  415
43  82
43  48
43  455
43  423
44  370
44  304
44  622
44  753
44  582
44  363
44  255
45  279
45  955
45  601
45  581
45  548
45  684
46  93
46  620
46  599
46  81
46  573
47  482
47  100
47  700
47  377
47  995
47  477
47  831
48  158
48  361
48  268
48  978
48  888
48  598
48  603
49  434
49  607
49  740
49  506
49  432
49  976
49  198
50  331
50  797
50  435
50  646
50  359
51  814
51  980
51  650
51  654
51  926
51  438
51  841
51  210
51  96
51  153
51  831
52  423
52  398
52  95
52  898
52  187
52  325
53  393
53  986
54  681
54  897
54  820
54  870
54  658
54  310
55  417
55  998
55  637
55  788
55  174
56  725
56  651
56  671
56  313
57  549
57  657
57  89
57  366
57  211
57  727
58  90
58  249
58  103
59  348
59  686
59  647
59  483
59  281
59  741
59  656
59  496
60  934
60  956
60  957
60  700
60  696
60  594
60  819
60  830
61  673
61  943
61  853
61  639
61  259
61  866
61  774
61  100
61  64
61  810
62  600
62  297
62  271
62  653
62  810
63  253
63  218
63  912
63  818
63  503
63  446
63  211
64  687
64  712
64  577
64  640
64  947
65  791
65  859
65  754
66  576
66  90
66  199
66  623
66  366
67  713
67  911
67  164
67  597
67  288
67  756
68  300
68  314
68  412
68  673
68  805
69  981
69  913
69  609
69  629
69  211
70  117
70  640
70  233
70  954
70  823
71  750
71  265
71  864
71  985
72  843
72  534
72  459
72  421
72  931
72  98
72  873
73  942
73  201
73  799
73  668
73  720
73  482
73  84
73  156
73  240
74  791
74  85
74  601
74  387
74  729
75  493
75  416
75  476
75  463
76  508
76  450
76  805
77  869
77  202
77  915
77  978
77  543
77  853
77  508
78  696
78  968
78  295
78  437
78  456
79  752
79  267
79  281
79  888
79  118
79  992
79  284
80  408
80  453
80  471
80  331
81  379
81  808
81  257
81  784
81  203
81  618
81  640
82  332
82  658
82  336
82  893
83  131
83  834
83  534
83  758
83  391
84  214
84  819
84  371
84  141
84  915
84  927
84  720
84  746
84  838
85  423
85  410
85  605
85  619
85  263
85  997
86  371
86  224
86  134
86  419
86  234
87  402
88  428
88  796
88  547
88  390
89  847
89  410
89  821
89  715
89  460
90  103
90  832
90  555
90  257
90  540
90  133
90  784
90  256
90  812
91  496
91  567
91  584
91  802
91  189
91  769
91  622
92  111
92  513
92  836
92  352
92  368
92  175
92  822
92  879
92  528
92  701
93  422
93  719
94  771
94  836
94  247
94  501
94  413
94  310
94  710
94  580
94  807
94  389
95  999
96  284
96  344
96  606
97  288
97  121
97  402
97  653
97  783
97  933
98  953
98  572
98  366
99  974
99  851
99  867
99  254
99  588
99  877
100  459
100  299
100  143
100  316
100  845
100  166
100  466
100  608
100  866
100  269
101  505
101  638
102  822
102  531
102  333
102  151
102  266
102  601
102  924
103  142
103  680
103  446
103  604
103  358
104  560
104  967
104  578
104  141
104  457
105  433
105  951
105  483
105  108
105  740
105  604
105  932
105  804
105  119
106  362
106  845
106  463
106  391
106  368
106  797
107  577
108  250
108  197
108  462
108  582
108  346
108  454
109  707
109  326
109  565
110  759
110  386
110  643
110  428
110  456
111  577
111  630
112  183
112  905
112  983
112  248
112  937
112  249
112  602
113  223
113  512
113  889
113  505
113  606
113  925
114  323
114  769
115  287
115  623
115  589
115  898
116  774
116  534
116  967
116  662
116  434
116  246
116  900
117  537
117  621
118  627
118  349
118  769
118  167
118  565
118  917
118  799
118  690
118  670
119  259
119  432
119  980
119  410
119  955
120  743
120  931
120  210
120  952
120  798
121  145
121  678
121  780
121  147
121  502
121  786
121  959
122  204
122  958
122  932
122  564
123  417
124  424
124  821
124  366
124  613
124  777
124  992
124  757
124  321
124  388
125  870
125  775
125  961
125  957
125  413
125  904
125  829
126  532
126  623
126  790
126  596
126  414
127  916
127  582
127  468
127  537
127  345
127  982
127  725
127  306
128  869
128  609
128  822
128  488
128  773
128  729
128  687
128  751
128  817
129  321
129  877
129  981
129  763
129  795
129  376
129  384
129  257
130  826
130  575
130  211
130  253
130  316
130  468
130  968
130  325
131  356
131  958
131  232
131  546
131  954
132  609
132  164
132  136
132  705
133  932
133  292
133  659
133  593
133  697
134  829
134  654
134  854
135  553
135  433
136  233
136  183
136  861
137  851
137  968
137  875
137  204
137  407
137  734
138  750
139  337
139  365
139  931
139  344
140  578
140  903
140  323
140  975
140  460
140  338
140  634
140  337
140  747
140  304
141  763
141  936
141  454
141  157
141  366
141  162
141  495
142  188
142  405
142  320
142  315
142  791
142  668
142  539
143  579
143  514
143  397
144  964
144  276
144  961
144  723
144  975
144  436
144  753
145  242
145  341
146  676
146  683
146  883
146  769
146  968
146  648
146  539
147  729
147  721
147  448
147  585
147  944
148  787
148  455
148  335
148  647
148  622
149  585
149  169
149  192
149  407
149  477
149  598
149  927
149  825
149  286
150  552
150  753
150  685
150  529
150  256
150  381
151  675
151  249
151  244
151  520
151  514
151  536
152  190
152  507
152  357
152  381
152  744
152  313
153  593
153  284
153  180
154  302
154  776
154  575
154  895
155  357
155  674
155  928
155  500
155  523
156  466
156  265
156  252
156  825
156  768
156  333
157  584
157  940
157  443
157  286
157  501
157  219
157  235
157  399
158  242
158  471
158  686
158  787
158  759
158  586
159  426
159  823
160  470
160  422
160  446
160  708
160  346
160  310
160  308
160  763
161  177
161  300
161  862
161  554
161  666
162  838
162  615
162  885
162  890
162  730
162  395
162  906
162  210
163  697
163  181
163  897
163  414
163  995
163  547
163  360
164  210
164  233
164  578
164  676
164  937
165  983
165  436
165  716
165  977
166  582
166  794
166  791
166  771
166  208
166  761
166  419
166  462
167  702
167  726
167  987
168  487
168  278
168  760
168  467
168  432
168  984
168  927
168  427
168  870
169  710
169  395
169  248
169  714
169  404
170  483
170  827
170  630
170  320
171  186
171  270
172  985
172  880
172  682
172  261
172  479
172  709
173  403
173  220
173  775
173  977
174  413
174  222
174  821
174  617
174  284
175  191
175  567
175  288
175  827
175  948
175  723
175  630
175  248
175  178
175  394
176  893
177  315
177  255
177  907
177  381
177  203
177  956
178  499
178  623
178  743
178  255
178  653
179  236
179  490
179  673
179  410
179  650
179  387
179  334
180  405
180  598
180  804
180  564
181  796
181  331
181  701
182  538
182  778
182  669
182  547
182  402
183  980
183  230
184  869
184  986
184  521
184  489
184  785
184  445
184  219
184  801
185  869
185  976
186  261
186  744
186  493
186  236
186  465
186  396
186  689
186  992
186  204
186  318
186  343
186  577
186  256
187  474
187  817
187  584
187  787
187  246
188  820
188  292
188  554
188  752
188  919
189  872
189  309
189  933
189  752
189  242
189  626
189  465
190  276
190  487
190  308
190  662
191  286
191  788
191  603
191  472
192  911
192  582
192  842
192  785
192  252
193  827
193  661
193  434
193  372
194  367
194  518
194  400
194  827
194  768
194  693
194  597
195  538
195  842
195  269
195  523
195  959
195  428
195  813
196  889
196  659
197  486
197  404
197  242
197  976
197  761
197  877
198  664
198  958
199  413
199  339
199  939
199  660
200  977
200  363
200  529
200  940
201  861
201  214
202  942
202  409
202  445
202  417
202  353
203  449
203  879
203  611
203  442
203  584
204  475
204  829
204  357
205  689
205  576
205  631
205  503
205  818
205  476
205  989
205  343
206  349
206  609
206  466
206  869
206  665
206  424
207  921
207  293
208  839
208  592
208  439
208  213
208  480
209  330
209  433
209  879
209  295
209  446
209  563
209  995
209  786
209  870
210  985
210  910
210  726
210  919
210  829
211  423
211  794
211  433
211  866
211  615
212  599
212  554
213  494
213  523
213  645
213  418
214  723
214  763
214  920
214  255
214  854
214  865
215  500
215  661
215  899
216  582
216  335
216  661
216  479
216  325
217  673
217  333
217  793
218  387
218  524
218  878
218  776
219  764
219  453
219  950
219  681
219  736
219  865
219  909
219  478
220  807
220  733
220  269
220  867
220  753
220  966
221  450
221  818
221  919
221  313
221  973
222  493
222  459
222  891
222  406
222  353
222  729
222  916
223  347
223  479
223  255
223  951
223  957
224  870
224  614
224  729
224  605
224  844
225  934
225  988
225  921
225  984
225  833
226  317
226  737
226  630
227  672
227  407
227  914
227  557
227  519
227  579
227  530
228  253
228  860
228  760
228  926
228  883
229  989
229  661
229  730
230  876
230  914
230  551
230  538
230  947
231  304
231  732
231  529
232  242
232  446
233  959
233  824
233  557
234  354
234  452
235  253
235  283
235  428
235  824
235  547
236  857
236  509
236  407
236  724
236  925
237  930
237  616
237  447
237  564
237  856
237  886
237  298
237  790
237  693
237  688
237  923
238  612
238  536
239  973
239  580
239  432
239  972
239  524
239  896
240  501
240  492
240  383
240  707
240  908
241  852
241  860
241  813
242  570
242  802
242  821
242  284
242  612
243  471
243  970
243  475
243  852
244  600
244  340
244  932
244  262
244  292
244  416
244  577
245  878
245  704
245  256
246  508
246  291
246  324
247  280
247  855
247  986
248  797
248  985
248  855
249  522
249  932
249  491
249  815
250  807
250  305
250  464
250  706
250  875
250  427
250  462
250  698
251  319
252  727
252  281
252  823
252  549
252  314
252  730
252  719
252  470
254  848
254  678
255  755
255  896
255  627
255  511
256  506
256  588
256  462
256  344
256  515
257  439
257  644
257  686
257  550
257  403
257  389
257  469
258  679
258  298
259  382
259  438
259  568
259  587
259  831
259  756
260  267
260  570
261  566
261  910
261  386
261  606
261  635
262  706
262  801
262  298
262  789
262  755
262  292
263  930
263  276
263  486
263  609
264  451
264  339
264  514
264  601
264  533
264  661
265  655
265  707
265  812
265  716
266  754
266  850
266  562
266  548
266  887
267  378
267  309
267  813
267  865
267  669
267  638
267  457
267  844
268  384
268  625
268  523
269  738
269  744
269  463
269  531
269  965
270  684
270  425
270  282
271  377
271  784
271  693
271  397
272  694
272  605
272  900
273  342
273  315
274  628
274  774
274  309
275  770
276  616
276  408
276  303
276  280
276  900
276  287
276  710
276  534
277  587
277  933
278  302
278  974
278  627
278  767
278  852
278  679
279  430
279  552
279  451
279  446
279  614
280  489
280  856
280  379
280  460
281  680
281  322
281  282
281  315
281  393
282  559
283  897
283  414
283  655
284  446
284  479
285  322
285  875
285  406
285  287
285  509
285  585
286  458
286  453
286  640
286  394
287  829
287  558
287  594
287  410
287  833
287  384
288  412
288  838
288  623
288  292
288  614
288  531
289  414
289  312
289  696
290  853
290  429
290  599
290  688
290  750
291  990
291  925
291  548
291  605
292  533
292  328
292  785
292  960
293  535
293  925
293  551
293  743
294  377
294  353
294  795
295  496
295  822
295  867
296  823
296  673
296  574
296  549
296  695
297  836
297  300
297  984
298  798
298  406
298  339
298  762
298  407
298  449
298  461
299  877
299  668
299  779
299  750
299  757
299  493
299  709
299  508
300  898
300  968
300  752
300  780
301  312
301  935
301  502
301  757
301  835
301  858
302  900
302  996
302  448
302  734
303  867
303  857
303  876
303  870
303  680
304  381
304  594
304  906
304  572
304  915
304  535
304  602
304  576
304  746
305  880
305  758
305  815
306  414
306  658
306  555
306  561
306  987
306  650
306  865
306  930
306  842
307  877
307  920
308  809
308  854
308  546
308  794
308  556
308  688
309  801
309  568
310  933
310  962
310  518
311  846
311  313
311  442
311  995
312  631
312  998
312  537
312  754
313  791
313  342
313  467
313  698
313  326
314  600
314  816
314  916
314  872
314  424
314  909
314  487
315  329
315  518
315  867
315  747
315  690
315  651
315  761
315  452
316  451
316  403
317  927
317  530
317  910
317  945
318  657
318  383
318  360
318  638
318  556
318  391
318  482
318  379
319  813
319  775
321  780
321  655
321  576
321  658
321  411
321  728
321  403
321  914
322  658
322  776
322  841
323  381
323  716
323  332
323  366
324  521
325  542
325  434
325  603
325  951
325  921
326  456
326  764
326  530
326  988
326  392
327  388
327  627
327  465
328  408
328  329
328  371
328  551
328  338
329  810
329  859
329  797
329  951
329  756
330  535
330  442
330  726
330  563
330  872
330  761
331  914
331  949
331  543
331  609
331  815
331  786
332  768
332  417
332  825
332  575
332  927
333  492
333  581
333  515
334  562
334  837
334  706
334  828
334  919
334  708
334  582
334  991
335  579
335  966
335  772
336  827
336  393
337  511
337  902
337  868
337  590
337  576
337  915
337  888
337  839
338  426
338  706
338  607
338  678
339  708
339  956
339  385
339  537
340  818
340  679
340  666
340  843
341  362
341  497
341  551
341  949
341  837
342  767
342  630
342  591
342  535
342  675
342  919
342  744
342  727
343  570
343  481
344  879
344  706
344  613
344  720
344  509
345  372
345  663
345  897
345  514
346  962
346  722
346  408
347  454
347  994
347  884
348  879
348  533
348  836
348  945
348  435
348  683
348  784
349  619
349  378
350  522
351  590
351  756
351  777
352  358
352  874
352  906
354  797
354  899
354  583
354  642
354  789
355  540
355  382
356  561
356  411
357  972
357  399
357  943
357  513
357  608
358  454
358  589
358  846
358  840
359  809
359  917
359  686
360  814
361  791
361  690
363  775
363  376
363  548
363  787
364  558
364  795
364  663
364  775
365  987
365  773
365  629
366  522
366  406
366  838
366  943
366  386
367  919
367  674
367  867
367  719
368  691
368  652
369  732
369  463
370  563
370  938
370  856
370  561
371  556
371  479
371  758
372  827
372  478
372  988
373  410
373  453
373  457
373  606
373  526
373  478
374  774
374  718
374  942
374  785
374  468
375  883
375  806
375  694
376  479
376  707
376  979
376  488
376  763
376  505
376  729
377  908
377  559
377  477
377  991
377  980
377  601
377  513
379  691
379  739
379  421
379  391
379  811
380  795
380  798
380  818
380  524
380  631
380  997
380  619
380  924
381  933
382  943
382  447
382  617
382  755
383  652
383  905
384  891
385  870
385  790
385  410
385  908
386  855
386  440
386  606
387  930
387  558
387  609
387  718
388  669
388  835
388  390
389  547
390  939
390  441
390  645
391  593
391  916
392  898
392  831
392  939
392  953
392  848
392  801
394  671
394  849
394  445
394  585
395  475
395  904
395  473
395  805
395  505
395  997
395  746
396  742
396  867
397  807
397  927
398  888
398  565
398  994
398  737
399  454
399  922
399  590
399  435
399  514
400  493
401  640
401  471
402  459
402  636
402  477
403  904
403  572
403  897
404  575
405  635
405  547
405  548
405  566
405  514
406  600
406  869
406  415
406  888
406  788
407  479
407  593
407  960
408  954
408  909
408  420
408  572
408  500
408  510
409  909
409  583
410  472
410  809
411  461
411  651
412  884
412  614
412  575
412  819
412  783
413  890
414  612
414  977
414  846
414  687
414  982
414  535
414  907
415  543
416  607
416  796
416  476
416  705
416  715
417  877
417  445
417  627
417  815
418  879
418  919
418  763
419  663
419  976
419  557
419  576
420  912
420  574
420  693
421  809
421  924
421  441
422  683
422  444
422  832
422  780
423  953
424  554
424  458
425  528
425  513
426  903
426  968
426  456
426  928
426  930
426  441
426  723
427  515
427  690
427  639
428  996
429  852
429  993
429  739
429  973
430  807
430  561
430  904
430  667
430  973
430  698
430  639
431  965
431  788
431  593
431  816
431  778
433  794
433  729
433  791
433  873
433  617
433  721
434  535
434  754
434  904
434  937
434  482
434  859
435  607
436  759
436  590
436  903
437  587
437  531
438  485
438  847
438  749
438  969
438  565
439  541
439  521
439  539
439  968
440  795
440  868
440  691
441  920
441  463
441  649
441  808
442  496
442  556
442  601
442  649
443  607
443  856
443  999
443  971
443  526
444  815
444  479
444  988
445  839
445  815
445  675
445  909
445  537
445  457
446  814
446  690
446  629
446  594
447  971
447  944
447  817
448  758
448  756
448  638
449  716
449  489
449  723
450  904
450  758
450  553
450  522
450  762
451  841
451  518
451  742
452  789
452  581
452  862
454  631
454  716
454  861
455  853
455  810
455  776
456  486
456  578
457  493
457  537
458  617
458  797
459  504
459  769
459  684
459  709
460  773
461  524
461  844
461  906
461  493
461  686
462  527
462  953
464  977
464  767
464  939
464  983
465  494
465  928
465  472
466  495
466  633
466  550
466  844
467  859
467  720
468  640
469  726
469  724
469  985
471  525
471  778
472  952
472  910
473  501
473  749
473  696
473  544
474  846
474  613
474  601
474  962
474  866
475  680
475  807
475  834
475  533
476  686
476  649
476  814
477  651
477  734
478  886
478  683
478  568
478  795
478  811
479  673
480  527
480  883
481  986
481  769
481  934
481  775
481  812
481  774
481  820
482  817
482  964
483  812
483  788
483  993
483  567
484  506
484  710
485  928
485  695
485  967
486  510
486  958
486  986
486  511
486  862
486  847
487  542
487  948
487  929
487  784
487  853
488  923
488  699
488  619
488  721
489  888
489  767
490  507
490  903
490  847
492  527
492  687
492  502
492  953
493  850
493  619
493  726
493  533
493  888
493  793
493  560
494  536
494  730
494  542
494  923
495  659
495  711
495  753
495  844
496  972
496  974
496  899
496  881
496  547
498  548
498  667
498  641
498  669
499  653
499  901
499  681
500  720
501  929
501  731
502  994
502  869
503  826
503  863
503  979
503  760
504  889
504  635
504  880
504  653
504  750
505  840
505  783
505  653
505  585
505  950
505  854
506  536
506  816
506  542
507  738
507  956
507  520
507  935
507  721
508  896
508  604
508  994
508  627
508  835
508  783
509  774
509  673
509  924
510  933
510  557
510  550
510  853
510  821
510  858
510  561
510  639
510  714
510  604
510  954
510  850
511  642
511  658
511  583
511  713
512  584
513  956
514  814
514  783
514  720
515  542
515  943
515  890
515  915
515  880
515  848
515  647
516  745
516  848
516  599
516  707
517  902
517  918
517  788
517  834
517  615
517  569
518  813
518  986
518  601
519  875
519  838
521  963
521  541
522  881
522  538
523  652
523  930
524  671
525  795
526  911
526  541
526  621
527  614
527  797
527  927
527  750
528  954
528  782
528  824
528  803
528  861
528  710
529  711
529  623
529  767
529  881
530  741
530  831
530  643
530  824
532  916
532  779
532  904
533  880
533  915
533  594
533  799
535  744
535  698
536  591
536  613
538  775
539  910
539  646
540  558
540  804
540  851
540  982
540  832
540  935
541  677
541  960
541  977
542  577
542  623
542  895
542  744
542  929
543  992
543  669
544  828
544  960
545  588
545  793
546  834
546  710
547  571
548  796
549  971
549  954
551  734
551  552
552  873
552  693
552  951
552  962
553  632
553  626
553  778
554  837
555  998
555  953
555  818
555  833
556  599
556  791
556  600
557  836
557  952
557  832
558  586
559  640
559  789
560  576
560  702
560  725
560  833
560  786
562  990
562  578
562  746
562  643
563  805
563  836
563  849
564  896
564  827
565  750
565  749
565  688
566  940
566  623
566  916
567  913
567  861
567  895
568  724
568  836
569  624
569  992
569  572
569  719
571  966
571  994
571  869
571  856
572  581
572  689
572  736
572  705
573  700
573  862
575  941
575  918
575  691
576  708
576  799
576  882
577  707
577  650
577  947
578  929
578  698
579  876
579  811
579  777
580  864
580  647
580  839
580  738
580  606
582  919
582  665
582  959
582  640
583  853
583  922
583  840
584  768
585  808
585  965
585  655
586  596
587  989
587  998
587  845
588  713
588  615
589  845
589  734
589  926
589  895
590  626
591  949
591  956
591  742
592  799
593  657
594  973
594  638
595  920
596  769
597  953
598  847
598  950
599  982
599  701
599  648
599  753
599  972
600  608
601  618
601  689
602  718
602  858
602  830
603  810
604  606
604  737
604  968
604  839
605  859
606  827
606  924
606  623
606  668
606  752
606  854
607  886
607  987
607  666
607  643
607  963
607  743
607  805
608  694
610  696
610  718
610  935
610  629
610  833
610  797
611  805
611  711
611  911
612  897
612  947
613  904
613  894
613  951
614  820
614  944
615  711
616  840
617  910
617  743
617  897
618  653
618  692
619  621
619  773
620  828
623  632
623  979
623  842
623  702
624  887
624  894
626  700
627  719
627  663
627  842
627  906
628  874
628  900
628  747
629  788
629  809
630  764
630  651
631  738
631  917
631  879
632  737
632  727
633  794
633  636
634  871
634  716
634  950
635  765
635  905
635  680
636  963
636  802
636  712
637  932
638  662
638  887
639  941
639  958
640  697
640  681
640  732
640  979
642  896
643  982
643  714
643  743
643  945
644  922
644  994
645  920
645  708
647  828
647  929
648  673
648  988
648  794
649  887
649  907
649  726
650  979
651  673
651  671
651  773
651  910
651  758
652  845
652  826
652  907
652  693
653  786
653  870
654  918
654  908
654  932
655  732
656  913
657  807
657  712
657  684
658  773
658  688
659  732
659  667
659  699
660  941
660  731
662  792
662  837
662  768
662  848
663  664
663  947
663  805
663  672
664  936
665  756
666  931
666  948
666  895
667  704
667  759
668  809
669  957
669  682
669  737
670  691
671  875
672  708
673  697
674  738
674  919
675  855
676  810
676  958
676  914
676  765
676  812
677  712
677  705
678  980
679  973
681  841
681  748
681  960
681  827
683  919
683  946
684  778
685  832
685  691
687  702
690  726
690  747
690  961
692  765
692  845
693  956
693  897
693  708
694  735
695  773
695  913
696  818
696  985
697  772
697  793
698  766
698  840
698  968
698  717
699  894
700  912
700  708
701  963
701  894
702  963
703  884
703  936
703  946
703  979
703  914
704  774
705  745
706  737
706  901
707  998
707  943
707  853
708  972
708  782
709  903
709  793
709  961
709  765
710  954
710  864
710  944
711  783
712  912
712  976
712  812
713  937
713  794
713  764
715  955
715  867
717  934
717  966
718  981
718  979
718  804
719  908
719  808
719  878
720  822
721  767
721  880
722  759
723  834
725  934
725  785
726  885
727  949
729  910
730  959
730  969
731  861
732  914
737  986
737  784
738  939
738  843
739  942
739  765
739  966
739  999
742  951
742  762
742  783
742  987
743  773
745  971
746  899
746  812
748  793
749  956
750  761
751  824
751  802
751  984
751  885
751  823
751  790
752  829
753  983
755  769
756  884
756  842
756  826
758  867
758  818
758  841
758  961
758  796
760  865
762  798
764  889
766  856
767  876
767  934
768  952
768  912
769  847
770  927
770  902
771  909
771  984
772  836
773  878
773  921
774  804
774  872
774  943
774  796
775  939
775  862
776  804
777  877
777  998
778  873
780  960
781  888
782  820
783  972
783  956
783  968
784  931
785  882
786  953
787  800
788  949
788  927
790  981
790  904
790  794
791  879
793  895
794  986
795  957
799  828
800  980
801  927
802  845
802  897
802  904
802  951
802  935
803  965
805  980
806  947
807  964
807  897
808  893
808  836
808  815
808  866
809  992
810  825
810  845
811  987
811  969
812  880
812  963
812  958
812  947
813  883
815  996
816  904
817  938
819  976
819  951
820  837
821  894
821  955
821  911
822  865
823  904
823  936
823  990
824  854
824  914
825  844
826  866
828  917
829  935
830  965
831  840
832  941
833  875
836  938
837  882
838  845
839  970
839  967
840  935
840  965
841  961
843  896
844  878
845  903
845  861
845  868
847  984
848  914
849  991
849  930
851  980
853  919
855  974
859  956
859  901
859  948
861  935
863  990
869  883
869  910
870  958
870  937
870  935
872  940
873  921
874  978
874  971
881  961
882  998
883  974
883  986
883  908
884  921
884  895
885  900
889  931
890  920
890  996
890  979
892  909
892  988
892  919
898  947
899  934
900  980
901  911
901  952
901  995
903  962
904  953
908  995
908  953
908  946
910  991
911  928
912  954
913  936
916  995
919  996
920  969
921  925
925  982
928  964
931  972
931  936
934  998
938  971
950  959
955  984
956  999
958  964
960  970
962  970
965  990
967  982
976  993
978  994
