0  128
0  729
0  609
0  463
0  529
0  560
0  230
1  608
1  430
1  493
2  824
2  989
2  836
2  787
2  265
2  486
2  189
3  593
3  763
3  813
3  288
3  980
3  824
3  12
4  955
4  945
4  982
4  892
4  423
4  662
4  916
5  812
5  256
5  402
5  487
5  853
5  803
6  456
6  195
6  888
6  971
6  208
6  654
6  464
6  921
7  839
7  607
7  242
7  175
7  691
7  300
8  187
8  156
8  812
8  445
8  473
8  460
8  253
9  447
9  131
9  64
9  732
9  676
9  593
10  972
10  887
10  540
10  623
10  706
11  956
11  358
11  178
11  284
11  231
11  502
11  47
11  829
11  300
11  931
11  123
11  827
11  723
12  410
12  325
12  702
12  223
12  283
12  285
13  522
13  312
13  646
13  433
14  322
14  729
14  79
14  215
14  191
14  72
14  481
15  555
15  265
15  367
15  589
16  618
16  119
16  209
17  73
17  178
18  149
18  42
18  669
19  466
19  504
19  278
19  213
19  118
19  925
19  690
20  933
20  261
20  760
21  493
21  51
22  629
22  921
22  704
22  774
22  845
22  647
23  691
23  54
23  558
23  956
23  818
24  612
24  379
24  253
25  854
25  758
25  810
25  327
25  190
25  908
26  264
26  501
26  696
26  796
26  643
26  966
26  991
27  979
27  611
27  381
27  797
27  913
27  828
27  721
27  248
28  589
28  387
28  317
29  922
29  92
30  145
30  70
30  546
30  930
31  790
31  983
31  312
31  357
31  899
31  956
31  314
31  722
32  372
32  651
32  584
32  993
32  936
33  938
33  304
33  768
33  925
33  244
33  108
33  235
34  125
34  813
34  113
34  962
34  89
34  999
35  48
35  449
35  552
35  255
35  228
36  690
36  113
36  407
36  166
36  246
36  52
36  247
36  330
36  971
37  325
37  913
37  252
37  845
38  271
38  65
38  764
38  572
39  986
39  653
39  957
39  695
39  243
40  148
40  151
40  182
40  328
40  339
40  965
40  518
40  227
41  277
41  786
41  908
41  965
41  395
41  461
42  994
42  534
42  879
42  715
42  623
43  115
43  506
43  175
43  843
43  436
43  757
43  88
43  858
43  580
43  366
44  784
44  964
44  912
44  60
44  653
44  697
44  921
44  403
45  106
45  414
45  683
45  776
45  503
45  487
45  436
46  377
46  542
46  653
46  654
46  76
47  362
47  160
47  326
47  771
47  668
47  460
48  619
48  206
48  677
48  490
48  518
48  784
48  392
49  131
49  233
49  911
49  200
49  209
49  492
49  273
50  743
50  671
50  540
50  651
50  827
51  492
51  816
51  237
51  886
51  592
51  417
51  312
51  600
51  193
51  965
52  866
52  237
52  926
52  715
52  889
53  433
53  653
54  466
54  223
54  172
54  518
54  771
55  370
55  556
55  338
55  233
55  996
56  936
56  229
56  712
56  152
56  75
57  984
57  175
57  950
57  578
57  824
57  882
58  60
58  471
58  281
59  716
59  342
59  845
59  943
59  269
59  935
59  870
59  454
60  121
60  625
60  552
60  960
60  769
60  699
61  613
61  868
61  586
61  454
61  643
61  72
61  968
61  530
61  809
61  623
62  919
62  602
62  984
62  688
62  767
62  440
63  518
63  197
63  426
63  103
63  122
63  916
63  141
64  232
64  791
64  866
64  140
64  820
64  434
64  992
65  239
65  408
65  890
66  182
66  270
66  900
66  915
66  662
67  874
67  567
67  347
67  78
67  698
67  568
68  298
68  585
68  817
68  507
68  561
68  698
69  754
69  676
69  299
69  765
69  78
70  151
70  956
70  999
70  594
71  119
71  357
71  315
71  486
72  801
72  836
72  445
72  608
72  986
73  179
73  904
73  713
73  90
73  405
73  925
73  961
73  152
74  756
74  880
74  909
74  103
74  897
75  303
75  358
75  606
76  773
76  983
77  188
77  959
77  296
77  904
77  861
77  597
77  533
78  459
78  685
78  221
79  205
79  224
79  864
79  647
79  970
79  895
80  780
80  183
80  205
80  597
81  367
81  897
81  523
81  972
81  657
81  503
81  391
81  696
82  828
82  313
82  494
82  251
82  853
83  872
83  162
83  269
83  935
83  900
84  950
84  109
84  125
84  705
84  165
84  721
84  986
84  466
84  576
84  606
85  289
85  416
85  648
85  438
85  839
85  94
85  519
86  708
86  144
86  960
86  514
86  221
87  475
88  877
88  244
88  182
89  827
89  538
89  372
89  296
89  359
90  228
90  146
90  259
90  295
90  433
90  935
90  414
90  328
90  149
90  482
91  478
91  909
91  237
91  342
91  456
91  793
91  669
91  958
92  414
92  848
92  337
92  902
92  303
92  209
92  363
92  619
92  730
93  134
93  308
93  114
94  597
94  524
94  974
94  179
94  722
94  651
94  705
94  850
94  552
94  103
95  949
95  630
96  198
96  805
96  856
96  663
96  934
97  231
97  954
97  762
97  425
97  412
97  879
97  167
97  780
98  514
98  309
98  652
98  174
99  825
99  909
99  986
99  160
99  700
99  693
100  732
100  640
100  128
100  547
100  478
100  288
100  638
100  179
100  441
100  952
100  786
100  963
100  667
101  681
101  337
102  485
102  580
102  901
102  980
102  509
102  611
102  278
103  384
103  888
103  237
103  511
104  693
104  136
104  115
104  359
104  292
105  698
105  323
105  376
105  128
105  270
105  318
105  738
105  381
105  937
106  370
106  531
106  493
106  673
106  639
106  671
107  616
108  837
108  719
108  932
108  255
108  549
108  218
109  821
109  726
109  451
110  635
110  957
110  363
110  438
110  705
111  406
111  459
111  757
111  334
112  318
112  713
112  172
112  379
112  614
112  448
112  382
113  259
113  317
113  954
113  210
114  981
114  332
115  469
115  256
115  380
116  698
116  222
116  228
116  643
116  714
116  568
116  189
116  834
117  459
117  406
117  122
118  994
118  388
118  254
118  644
118  201
118  147
118  619
118  640
118  354
119  309
119  719
119  188
119  932
119  815
120  885
120  501
120  599
120  303
120  904
121  422
121  387
121  594
121  184
121  474
121  255
121  178
121  313
122  288
122  547
124  903
124  954
124  926
124  403
124  738
124  913
124  619
124  718
124  811
124  726
124  130
125  645
125  631
125  144
125  157
125  629
125  295
126  533
126  329
126  614
126  205
126  548
127  152
127  269
127  961
127  869
127  256
127  651
127  156
127  779
128  344
128  578
128  212
128  934
128  159
128  425
129  665
129  413
129  622
129  784
129  869
129  739
129  579
129  483
130  814
130  160
130  912
130  448
130  604
130  236
130  172
131  302
131  457
131  418
131  699
132  604
132  147
132  349
132  951
133  872
133  406
133  978
133  760
133  190
133  261
134  256
134  875
134  560
135  182
135  414
136  308
136  527
136  958
137  789
137  515
137  403
137  901
137  801
137  981
138  619
139  810
139  900
139  575
139  168
140  347
140  585
140  248
140  507
140  627
140  960
140  408
140  306
140  186
141  466
141  169
141  987
141  178
141  488
141  208
141  773
141  688
142  589
142  933
142  279
142  495
142  576
142  314
142  816
142  968
143  465
143  997
143  192
143  297
144  865
144  588
144  808
144  778
144  158
145  444
145  610
146  265
146  292
146  331
146  224
146  324
146  893
147  942
147  951
147  427
147  718
148  216
148  932
148  479
148  341
149  906
149  430
149  405
149  581
149  379
149  764
149  786
150  647
150  275
150  281
150  541
150  551
150  590
151  478
151  626
151  286
151  834
151  856
151  791
152  919
152  306
152  376
153  254
153  808
153  841
153  313
154  942
154  709
154  523
154  607
155  949
155  162
155  313
155  742
155  483
155  582
156  315
156  877
156  526
156  622
156  697
156  564
157  596
157  797
157  992
157  162
157  701
157  494
157  590
157  572
157  348
158  330
158  197
158  897
158  383
158  990
158  841
159  505
160  185
160  262
160  248
160  810
160  929
161  896
161  762
161  464
161  582
161  796
162  323
162  933
162  614
162  949
162  583
162  637
163  865
163  759
163  533
163  756
163  218
163  898
163  812
164  488
164  885
164  198
164  778
164  617
164  805
164  640
165  262
165  450
165  335
166  182
166  261
166  177
166  377
166  506
166  319
166  379
166  321
166  951
167  883
167  640
167  784
168  537
168  602
168  392
168  795
168  421
168  810
168  241
168  641
169  594
169  581
169  487
169  475
169  562
170  510
170  711
170  478
170  649
171  577
171  445
172  383
172  425
172  255
173  658
173  482
173  911
173  575
174  575
174  403
174  230
174  882
174  392
175  332
175  760
175  671
175  972
175  511
175  529
175  928
175  510
175  761
176  267
176  843
177  395
177  784
177  999
177  332
177  623
177  766
178  428
178  659
178  548
179  710
179  380
179  714
179  761
180  444
180  211
180  931
180  219
180  409
180  406
181  584
181  921
181  384
181  443
183  219
183  538
183  514
183  371
184  493
184  354
184  840
184  608
184  650
184  607
184  604
184  321
185  504
186  373
186  929
186  872
186  807
186  603
186  984
186  818
186  553
186  263
186  591
186  876
186  898
186  376
187  309
187  189
187  244
187  308
187  628
188  571
188  470
188  938
188  410
188  840
189  216
189  845
189  513
189  919
189  385
189  657
190  731
190  894
190  613
191  615
191  712
191  269
191  910
192  459
192  560
192  883
192  209
192  414
192  479
193  775
193  540
193  495
194  924
194  943
194  463
194  965
194  903
194  344
194  805
195  528
195  483
195  772
195  551
195  326
195  845
196  815
196  919
197  334
197  820
197  481
197  605
197  414
198  547
198  959
198  961
199  826
199  372
199  603
199  225
199  200
200  970
200  745
200  281
201  435
201  535
202  795
202  827
202  322
202  572
202  822
202  493
203  947
203  291
203  440
203  675
203  316
203  276
203  768
203  978
204  821
204  730
204  426
204  796
204  587
204  454
204  907
205  967
205  298
205  255
205  337
205  220
205  683
206  412
206  953
206  651
206  446
206  503
207  657
207  443
208  998
208  591
208  880
208  352
209  288
209  658
209  587
209  399
209  210
210  380
210  479
210  609
210  767
210  527
210  544
210  494
211  920
211  720
211  537
211  449
211  554
211  364
211  326
211  575
212  842
213  677
213  430
213  281
213  947
214  605
214  686
214  276
214  729
214  888
214  640
214  908
214  827
215  378
215  955
216  471
216  235
216  280
217  704
217  465
217  927
218  802
218  340
218  684
219  787
219  746
219  340
219  985
219  430
219  476
219  822
219  962
220  343
220  278
220  492
220  897
220  878
220  815
221  504
221  961
221  484
221  833
221  236
222  744
222  250
222  399
222  510
222  438
222  398
222  919
223  303
223  244
223  639
223  527
223  790
224  268
224  706
224  633
224  784
225  918
225  402
225  474
225  807
226  393
226  374
226  540
227  954
227  464
227  943
227  876
227  297
227  971
228  452
228  464
228  752
229  836
229  402
230  525
230  421
230  335
230  234
230  787
231  936
232  659
232  748
232  546
232  344
233  293
233  627
233  879
233  507
234  887
234  727
235  313
235  742
235  935
235  618
235  400
236  266
236  437
236  587
236  594
236  582
237  601
237  436
237  380
237  689
237  877
237  747
237  613
237  959
238  571
238  557
239  279
239  774
239  456
239  457
239  904
240  450
240  482
240  589
240  780
240  276
240  288
241  650
241  660
241  565
241  408
242  427
242  494
242  852
242  775
242  951
242  354
242  304
242  323
242  984
243  328
243  860
243  431
244  751
244  640
244  861
244  668
244  673
245  932
245  698
245  514
246  966
246  542
246  661
246  687
246  788
247  456
247  882
247  953
248  345
248  844
248  600
249  326
249  496
249  314
249  566
249  606
249  466
249  366
249  303
250  831
250  832
250  914
250  542
250  512
250  447
250  884
250  909
251  811
252  276
252  807
252  313
252  572
252  909
252  478
252  750
252  673
252  763
253  627
253  948
254  980
254  861
255  280
255  568
255  883
255  650
256  613
256  405
256  492
256  961
256  493
257  306
257  599
257  603
257  799
257  556
257  927
257  353
257  532
257  983
257  723
258  561
258  844
259  444
259  524
259  998
259  731
259  348
259  956
260  343
260  476
261  919
261  759
261  334
261  309
262  772
262  793
262  368
262  631
262  407
263  773
263  760
263  777
263  315
264  656
264  321
264  925
264  385
264  679
264  885
265  919
265  614
265  636
266  880
266  635
266  276
266  870
266  524
267  522
267  419
267  287
267  836
267  745
267  539
267  649
267  793
267  534
268  269
268  812
268  636
269  940
269  619
269  428
270  854
270  398
270  756
271  617
271  684
271  345
271  313
271  997
271  904
272  713
272  663
272  780
273  826
273  639
274  579
274  802
274  979
275  595
276  988
276  561
276  982
276  711
276  356
276  840
277  827
278  306
278  360
278  433
278  399
278  279
279  916
279  902
279  287
280  929
280  788
280  945
280  549
280  465
280  468
281  484
281  973
281  284
281  334
282  528
282  513
282  775
283  911
283  595
283  725
284  478
284  821
284  510
284  321
284  918
285  590
285  920
285  599
285  461
285  619
286  905
286  374
286  613
286  896
286  766
286  338
287  825
287  807
287  460
287  333
287  323
287  859
287  845
288  881
288  452
288  375
288  566
288  468
289  707
289  549
290  451
290  653
290  510
290  944
290  301
290  840
291  530
291  728
291  364
291  590
291  907
291  401
292  451
292  738
292  346
292  931
292  767
292  674
292  548
293  696
293  910
293  542
293  963
293  624
294  542
294  536
294  337
295  380
295  674
295  648
296  413
296  610
296  446
297  751
297  889
298  557
298  761
298  978
298  746
298  649
298  477
298  935
298  877
299  683
299  631
299  373
299  963
299  895
299  502
299  818
299  770
300  593
300  669
300  463
300  944
300  690
301  629
301  914
301  994
301  318
301  307
301  687
301  414
302  379
302  423
302  688
302  888
302  519
303  858
304  540
304  577
304  910
304  699
304  673
304  454
304  838
304  783
304  543
304  411
305  796
305  837
305  863
305  521
306  710
306  934
306  787
306  631
306  791
306  831
307  796
308  426
308  720
308  553
308  667
308  902
309  799
310  615
310  408
310  621
310  381
310  420
310  783
311  389
311  753
311  974
311  960
312  434
312  442
312  742
312  406
313  824
313  846
313  998
314  489
314  912
314  804
314  612
314  522
314  602
315  646
315  416
315  702
315  486
315  794
315  796
315  795
315  613
315  712
316  381
316  821
316  832
317  446
317  601
317  853
317  621
318  601
318  533
318  875
318  337
318  640
318  857
318  518
319  416
319  395
320  651
320  976
321  398
321  421
321  738
321  643
321  777
321  482
322  710
322  480
322  695
323  329
323  458
324  525
325  617
325  522
325  604
325  601
325  407
325  348
326  869
326  720
326  446
327  950
327  538
328  606
328  441
328  647
328  907
329  337
329  890
329  908
329  382
329  572
330  645
330  518
330  462
330  654
330  465
331  435
331  936
331  390
331  707
331  884
331  474
331  709
331  478
331  521
332  356
332  991
332  628
332  652
333  562
333  746
333  973
333  694
333  389
334  939
334  531
334  532
334  604
334  385
335  581
335  634
335  437
336  664
336  743
336  467
336  870
337  679
337  696
337  593
337  952
338  743
338  506
338  768
338  577
339  838
339  594
339  916
339  834
339  413
339  342
340  784
340  947
340  521
341  716
341  823
341  486
341  441
341  887
342  882
342  792
342  801
342  638
342  845
342  392
342  964
342  972
343  685
343  727
344  506
344  457
344  507
344  834
344  356
345  947
345  412
345  937
346  392
346  693
346  662
346  382
347  807
347  706
348  475
348  815
348  379
348  744
348  459
349  478
349  551
349  815
350  689
351  526
351  980
351  773
352  653
352  808
352  987
353  962
353  586
354  847
354  555
354  486
355  435
355  569
355  509
357  968
357  954
357  394
357  434
357  952
357  761
358  861
358  879
358  794
358  916
359  869
359  761
360  710
360  476
361  476
361  442
361  937
362  769
363  953
363  794
363  948
363  986
364  599
364  698
365  989
365  972
365  755
365  505
366  746
366  515
366  915
366  620
366  559
366  744
366  756
366  933
366  471
367  474
367  376
367  439
367  794
368  462
368  549
368  986
368  531
369  758
369  783
370  942
370  557
370  995
370  758
371  459
371  461
371  658
371  869
371  732
372  746
372  479
372  951
373  558
373  408
373  769
373  875
374  976
374  798
374  763
375  564
375  721
375  780
376  395
376  901
376  859
376  984
376  638
377  454
377  575
377  655
377  633
377  483
377  445
377  638
377  413
377  539
378  412
378  904
379  548
379  508
380  900
380  720
380  403
381  752
381  651
382  739
382  469
382  845
383  537
383  435
383  894
384  839
384  978
384  432
385  776
385  991
386  457
386  961
386  649
386  417
386  873
386  681
387  394
387  535
387  746
387  508
387  612
387  527
388  574
388  815
388  844
388  749
389  481
390  585
390  812
390  527
390  560
390  988
391  923
391  465
391  544
391  729
391  726
392  870
392  755
393  656
393  993
394  631
394  777
394  615
394  739
395  812
395  984
395  912
395  706
395  707
396  733
396  508
396  712
396  599
396  765
397  462
397  817
397  778
397  931
398  559
398  870
399  842
399  998
399  769
399  787
400  726
401  403
401  852
401  994
402  721
402  639
402  630
403  977
403  743
404  603
404  577
404  691
405  910
405  563
405  775
405  784
406  707
406  509
406  609
406  774
407  582
407  827
407  599
407  910
407  571
408  819
408  569
408  897
408  798
408  743
409  931
409  553
410  430
410  505
410  546
410  591
410  834
410  853
410  977
411  553
411  785
411  900
412  414
412  833
412  413
414  795
414  852
414  519
414  426
415  522
415  803
415  964
416  747
416  686
416  700
416  776
416  723
417  662
417  835
417  927
417  994
417  954
417  612
417  695
418  817
418  453
418  741
419  907
419  845
419  508
419  859
419  455
420  503
420  822
420  874
421  567
421  683
422  582
422  447
422  702
422  554
422  703
422  606
423  544
423  857
423  913
423  488
424  971
424  596
424  961
424  785
424  445
425  693
426  812
426  813
426  433
426  428
426  849
427  514
427  524
427  537
428  920
428  551
429  649
429  790
429  701
429  980
429  883
430  929
430  455
430  606
431  773
431  917
431  504
431  515
431  725
432  783
432  721
432  919
433  606
433  822
433  441
433  801
433  493
434  845
434  804
434  768
434  865
434  486
434  793
434  630
436  466
436  708
436  823
437  670
438  571
438  684
438  693
438  783
439  750
439  630
439  505
439  990
439  905
440  861
440  528
441  644
441  897
441  652
442  756
442  538
442  739
442  920
442  533
443  716
443  594
443  791
443  710
444  742
445  720
445  511
445  703
445  919
445  666
446  677
446  510
446  461
446  509
446  759
446  687
446  555
446  563
447  934
447  618
448  516
448  707
448  982
449  547
449  483
449  511
450  523
450  693
450  765
450  878
450  895
451  924
451  494
451  578
452  820
452  620
452  917
453  927
453  607
453  821
454  812
454  867
454  965
454  565
455  701
455  848
455  690
456  583
456  679
457  583
457  824
457  758
458  648
458  762
458  470
458  582
459  717
459  593
460  980
461  726
461  647
461  533
462  956
462  496
462  888
463  486
463  652
464  582
465  968
466  892
466  721
467  947
467  799
467  565
468  719
468  802
469  956
469  479
471  700
471  527
471  855
472  992
472  495
472  900
472  708
472  611
473  926
473  754
473  963
473  658
474  789
474  550
474  871
475  714
475  628
475  505
475  612
476  998
476  770
477  587
477  768
477  638
477  876
477  623
478  699
479  577
479  601
479  805
479  902
480  712
480  515
481  631
481  867
481  513
481  526
481  578
482  574
482  658
483  627
483  750
485  933
485  671
485  729
486  884
486  558
486  762
487  663
487  908
487  845
487  554
487  862
488  533
488  729
488  718
489  823
489  651
489  798
489  509
490  994
490  788
490  905
491  623
492  732
492  529
493  515
493  553
493  752
493  527
493  627
493  968
493  661
494  968
495  870
495  777
495  970
496  585
496  500
496  841
496  685
496  942
496  804
496  658
497  514
498  585
498  522
498  514
498  995
499  819
499  727
499  768
499  958
500  956
500  588
500  923
501  927
501  973
501  910
501  688
502  730
502  977
502  697
503  617
503  951
503  985
504  507
504  826
505  737
505  828
505  921
505  732
505  862
506  873
506  676
507  795
507  677
508  642
508  718
508  515
508  619
508  702
508  948
508  847
509  752
510  865
510  829
510  982
510  909
510  934
510  547
510  575
510  758
510  572
510  847
511  751
511  629
511  906
511  755
512  754
513  838
513  870
514  666
514  754
515  836
515  756
515  939
515  747
516  827
516  797
516  727
517  600
517  929
517  880
517  894
517  577
517  667
518  580
518  568
520  681
520  756
521  901
521  727
521  734
523  773
523  770
523  833
524  819
526  540
526  854
526  903
528  966
528  640
528  851
528  899
528  879
529  753
529  588
529  797
529  627
530  745
530  825
530  555
530  790
530  683
531  993
531  905
531  996
532  757
532  851
533  575
533  642
534  738
534  587
535  600
535  653
535  716
535  636
535  934
535  593
536  883
536  808
536  997
536  743
536  933
537  632
537  669
537  979
538  777
539  836
539  750
539  985
540  682
540  598
540  847
541  562
541  850
541  906
541  565
541  965
542  773
542  691
542  976
542  837
542  973
543  939
543  853
543  687
543  949
544  711
545  613
545  709
546  610
547  928
547  690
547  967
547  676
548  957
548  908
548  851
549  687
550  726
550  958
551  767
551  602
552  555
552  911
552  600
552  815
554  918
554  708
555  634
555  869
556  912
556  861
556  922
556  848
556  965
557  676
557  673
557  897
557  572
558  922
558  672
559  977
559  686
559  840
560  652
560  706
560  884
561  783
561  753
562  716
562  801
562  835
563  773
563  778
563  788
563  681
564  680
564  582
564  776
565  835
565  692
565  969
566  823
566  767
566  890
567  734
567  941
567  689
567  800
568  969
569  865
569  928
569  977
570  671
570  868
570  859
571  973
572  623
572  778
572  889
573  895
573  688
573  830
575  697
575  638
576  706
576  924
576  962
576  690
576  853
576  651
576  623
576  729
576  630
577  683
577  595
577  914
578  755
578  915
578  859
579  841
579  814
579  837
579  836
580  658
580  967
580  706
580  661
581  912
582  911
582  844
582  869
582  773
583  838
583  695
583  598
584  906
584  913
584  910
584  836
584  928
585  995
585  934
585  680
586  607
587  675
588  956
588  813
589  719
589  976
590  899
591  623
591  896
592  720
594  841
596  928
598  623
598  708
598  723
599  943
599  692
599  659
599  876
600  982
600  732
601  724
601  737
601  968
601  797
601  939
602  690
602  848
603  855
603  976
604  962
604  661
604  730
605  809
605  630
605  901
605  962
606  655
606  805
606  881
606  657
606  936
606  898
607  774
607  866
607  787
607  810
607  828
607  758
607  675
608  904
609  947
609  791
609  774
609  924
610  874
610  692
610  973
611  696
613  790
614  822
614  735
614  865
615  802
615  979
616  690
616  959
617  647
617  894
617  917
618  708
619  744
620  944
621  881
622  809
623  839
623  951
623  832
624  737
624  813
626  869
626  945
626  911
627  644
627  883
627  750
627  873
628  791
629  968
629  845
629  643
630  877
630  750
630  650
631  717
632  700
632  896
632  652
633  712
634  723
634  823
635  818
635  802
635  788
635  807
636  717
636  798
637  875
638  764
639  696
639  995
640  862
640  782
640  953
640  753
642  876
643  867
643  938
643  740
644  708
645  995
645  896
647  686
648  684
648  710
649  790
650  680
651  866
651  808
652  698
653  865
653  896
653  831
654  799
654  890
655  807
655  839
655  997
656  888
657  752
657  958
658  663
658  775
659  721
659  797
659  678
660  843
660  866
661  911
662  944
662  898
662  709
662  781
663  794
663  810
663  718
663  859
664  666
664  706
665  747
665  810
666  691
666  821
666  845
667  840
667  979
668  783
668  854
668  960
669  745
669  800
669  960
669  963
670  701
671  914
672  682
672  955
673  810
673  744
673  694
673  809
673  774
673  914
674  794
674  960
674  886
675  751
676  689
676  826
678  714
678  739
678  816
678  934
679  927
680  839
680  764
681  903
681  998
681  976
681  703
681  956
683  709
684  691
686  799
686  708
686  700
690  931
690  710
690  807
692  960
693  867
693  811
693  880
694  726
694  982
696  772
697  872
697  763
698  950
698  919
700  975
701  847
702  788
703  980
703  823
704  737
705  805
705  856
707  880
707  802
707  953
707  999
708  903
708  988
708  995
709  774
709  795
709  951
710  871
710  861
711  713
711  779
712  818
713  825
713  932
715  890
715  843
716  814
717  842
718  775
718  842
718  840
719  763
719  812
719  833
719  856
720  879
723  862
724  878
724  883
725  853
725  773
725  751
726  955
728  829
729  958
730  900
730  850
731  966
734  932
734  861
734  888
736  974
736  870
737  885
737  785
737  904
737  750
738  786
738  870
738  996
739  914
739  925
739  851
740  987
741  819
742  759
742  927
742  981
743  759
744  767
748  771
749  973
749  768
749  971
750  769
751  775
751  943
752  867
752  906
753  988
753  836
753  915
756  887
756  924
758  947
758  806
758  870
758  866
758  979
763  898
764  862
765  990
765  907
767  897
767  893
769  867
769  808
769  818
769  910
771  985
773  795
773  855
774  878
774  904
774  829
774  897
775  815
775  826
776  987
778  804
778  853
782  915
782  791
783  837
783  854
783  930
785  824
785  963
785  988
786  836
786  904
786  814
788  980
788  849
788  820
789  953
789  846
790  793
790  935
791  864
791  822
793  958
793  979
794  853
794  795
794  844
795  927
796  967
797  992
797  977
797  951
799  947
800  996
802  913
802  969
802  833
804  855
804  986
805  940
805  976
806  867
807  824
808  914
808  845
809  867
809  823
809  990
810  992
811  914
811  916
812  948
812  825
813  943
814  930
816  992
816  856
817  838
817  901
818  848
818  879
819  984
819  946
820  838
820  867
821  954
821  862
823  848
824  863
825  954
827  846
828  959
828  943
829  847
829  958
829  983
830  839
830  921
831  987
831  928
831  996
832  991
832  981
832  917
833  864
833  969
835  873
836  880
837  883
837  968
840  963
840  941
841  845
842  877
842  959
844  884
844  929
846  945
847  932
847  914
849  940
849  964
852  994
854  972
855  875
856  927
858  919
859  946
859  920
860  925
863  919
868  935
869  899
869  877
870  874
872  920
873  985
875  964
878  972
879  920
881  951
883  998
884  953
886  938
888  903
889  930
889  893
889  907
890  941
891  945
891  930
892  939
894  953
895  968
895  967
895  975
897  930
899  953
903  908
904  910
904  921
904  935
908  941
908  923
909  911
909  982
910  955
913  988
914  998
915  956
916  980
918  936
919  987
920  953
927  995
930  931
931  986
934  957
935  950
937  990
937  967
939  957
940  958
946  974
947  966
949  979
952  970
952  974
953  985
965  989
971  986
