10 10
10 59
10 814
10 931
10 1473
10 7683
12 290
17 1738
17 1739
17 1934
17 1941
19 33
19 1405
19 6280
27 1161
27 1949
27 2370
27 2424
28 465
28 910
28 1616
29 501
29 1161
33 19
33 1702
34 1161
47 4651
53 2087
55 1160
55 1161
55 1949
55 2424
55 2532
56 550
56 1258
59 1318
75 5409
82 291
82 1884
83 1739
83 2082
92 1668
92 2309
92 2849
92 5445
92 7719
93 1189
93 1993
93 2951
93 4736
93 5048
94 464
94 487
94 1753
94 2354
94 4157
94 4615
94 4804
97 2535
97 5029
99 1764
103 4176
103 4736
103 7466
104 464
104 2354
107 557
107 919
107 1258
107 2543
107 4487
107 4488
107 4810
121 311
137 5851
142 987
142 5277
142 5278
142 5279
142 5280
145 292
145 1442
145 2545
145 4430
145 4431
145 4432
145 4433
145 4434
147 1232
160 210
160 2354
170 533
174 2309
175 2104
177 2003
177 4612
177 4613
180 2046
182 2625
184 1183
195 195
195 447
195 2121
195 2123
195 2641
195 2849
202 1537
205 904
205 1278
205 4641
212 899
212 2315
213 212
213 288
213 341
213 1453
215 217
219 220
219 221
219 222
219 223
219 224
219 339
224 789
225 226
225 227
225 228
228 225
228 229
230 231
230 1282
233 1709
233 1893
234 527
234 536
234 7058
235 465
237 1810
237 1893
237 1933
237 1999
240 240
240 311
240 748
240 837
240 1026
240 1150
240 1290
240 2371
240 2402
240 2437
240 2564
240 4469
240 5100
240 5101
240 6484
240 7105
240 7106
240 7107
240 7108
245 455
245 498
245 689
245 1769
245 2346
248 751
248 5703
261 262
261 270
263 261
264 47
264 276
264 282
264 2646
264 5512
266 245
266 267
267 267
267 904
267 2126
267 2127
267 2128
267 2129
267 2130
267 2131
268 1741
269 3264
270 513
270 613
270 614
270 756
270 1434
270 1740
270 2704
270 4919
271 272
278 279
280 1324
281 7004
284 464
284 601
285 286
285 875
285 1147
285 1148
286 1901
287 288
287 308
287 315
287 317
287 319
287 323
287 325
288 287
288 1318
289 290
290 676
290 1711
290 6113
290 6114
290 6174
290 6334
292 291
292 670
292 715
292 982
292 984
292 1097
292 1098
292 1884
292 4382
294 2803
295 296
297 4892
299 298
299 777
300 1229
300 1437
300 2379
300 2726
300 4591
301 245
301 613
302 303
302 429
302 462
302 614
303 302
304 1
304 29
304 267
304 326
304 327
304 328
308 511
309 310
310 1156
311 240
311 1026
311 2371
311 4454
311 4455
311 4456
314 512
314 980
314 1401
314 1403
314 1807
314 1858
314 1860
314 4167
314 4168
316 512
316 513
316 1074
316 1740
316 5544
318 325
318 513
318 848
318 1134
318 1239
318 1661
318 7152
320 322
320 2626
320 2627
321 321
321 322
321 983
321 985
321 4888
322 1194
323 511
325 1239
327 1949
327 2532
330 1319
331 332
332 667
332 1258
332 4589
333 334
333 335
333 336
333 338
339 219
340 496
340 1398
340 1793
340 1972
340 2846
340 2847
340 2848
341 212
341 213
345 346
345 347
345 348
345 349
346 486
346 501
346 516
350 2337
350 4617
351 351
351 1709
351 1950
351 2798
352 352
352 1705
352 1812
352 1950
354 356
354 455
354 463
354 500
354 1223
356 53
356 350
356 1210
356 1319
356 1710
357 358
357 359
357 360
357 361
362 363
362 364
362 365
362 366
362 367
362 368
362 369
362 370
362 371
362 372
362 373
362 374
362 375
362 376
362 378
362 7284
364 302
364 351
364 364
364 365
364 366
364 367
364 368
364 369
364 370
364 372
364 465
364 604
364 1084
364 1085
364 1703
364 1704
364 1748
364 1756
364 1791
364 1831
364 1835
364 1844
364 1862
364 1895
364 1970
364 1971
364 1972
365 1820
366 363
366 366
367 362
367 367
368 362
368 363
368 369
369 364
369 365
369 366
369 367
369 368
369 373
369 374
369 375
369 376
369 377
369 2086
369 2510
369 2511
369 2512
369 2513
369 2514
369 2515
370 362
370 369
377 369
378 362
378 501
379 380
379 4425
381 382
383 384
384 464
384 2757
384 4593
388 389
388 390
391 392
398 399
398 902
399 399
400 401
400 402
405 406
405 1210
407 411
407 412
407 413
410 713
414 6176
415 890
415 934
416 890
416 2286
417 418
420 195
420 421
421 527
421 536
422 423
424 423
424 2387
424 2573
424 2574
425 426
427 428
429 613
429 614
430 467
430 2086
431 432
434 477
434 637
435 436
435 437
435 983
436 435
436 466
436 2830
438 436
438 437
439 436
439 437
442 2309
442 2561
447 195
447 442
447 445
447 631
447 1628
447 2849
447 5221
454 455
455 456
455 457
455 1769
455 2337
455 2486
455 4598
457 511
458 4038
458 5848
459 552
461 462
461 466
461 496
461 1792
461 2846
461 2847
461 2848
462 461
463 180
463 848
463 1550
463 1700
463 2337
463 2486
463 2530
464 463
464 486
464 1363
464 5433
465 235
465 364
465 465
465 836
465 1239
465 1434
465 2040
465 4528
466 175
466 466
466 1258
466 1435
466 1756
466 1778
466 1783
466 1786
466 1840
466 1864
466 2012
466 2013
467 1277
467 1672
467 1802
467 1991
467 1992
468 469
468 470
468 471
468 475
469 28
469 469
469 470
469 550
469 954
469 955
469 956
469 957
469 1924
469 2711
469 5238
470 469
470 1209
470 1291
470 4561
470 4703
470 5048
470 5238
470 5239
470 5240
470 5241
476 476
476 636
478 477
479 458
480 481
481 480
481 482
481 483
481 484
483 1864
484 485
484 1239
484 1697
484 1821
486 487
486 2062
487 486
487 501
492 493
494 267
494 486
494 493
498 245
501 601
501 610
501 1011
501 1041
501 2496
501 2498
502 55
502 465
502 502
502 552
502 554
502 1435
503 433
504 505
506 507
506 1408
511 308
511 323
511 457
511 512
511 2842
512 433
512 511
512 549
512 1185
512 1331
512 2287
512 2498
512 7343
513 514
513 515
515 513
515 613
515 1834
517 518
517 519
517 520
517 521
517 522
517 523
517 524
517 525
517 526
526 790
527 234
527 528
527 529
527 530
527 531
528 527
528 536
528 687
528 688
529 527
529 536
530 527
530 536
531 527
531 536
532 234
532 421
532 528
532 529
532 530
532 531
532 533
532 534
532 535
533 527
533 536
534 527
534 536
535 527
535 536
536 234
536 421
536 529
536 530
536 531
536 533
536 534
536 535
536 537
536 538
536 539
536 540
536 541
536 542
536 543
536 544
537 527
537 536
538 527
538 536
539 527
539 536
540 536
541 527
541 536
542 527
542 536
543 527
543 536
544 536
545 465
545 527
545 536
546 527
546 536
547 527
547 536
548 549
550 550
551 552
552 1269
552 2332
553 552
553 2494
553 5814
555 556
555 557
555 1312
556 601
557 1076
558 370
558 555
558 986
558 987
558 988
558 991
558 992
558 993
558 5042
562 563
563 563
563 2309
563 2337
563 2484
563 2504
563 2685
563 3490
563 5432
569 570
569 571
572 573
574 11
574 575
574 576
574 585
574 586
574 587
574 588
574 589
574 590
574 597
574 598
574 602
577 578
579 426
580 581
582 426
583 426
584 426
591 426
592 330
592 434
592 593
592 594
592 599
592 600
592 603
595 426
596 426
601 369
601 430
601 533
601 601
601 898
601 1258
601 1282
601 1411
601 1705
601 1751
601 1943
601 2050
601 2051
604 308
604 513
604 605
604 1740
606 607
610 464
611 612
611 814
611 1034
611 1257
611 1258
611 1756
611 2723
612 469
612 470
612 779
612 780
614 369
614 501
614 904
615 616
618 953
620 621
620 622
620 623
620 624
620 625
621 620
621 638
622 620
622 638
623 620
623 638
624 2805
626 626
627 628
627 629
630 631
631 630
632 634
635 314
635 316
635 318
636 1738
637 434
638 7
638 621
638 622
638 623
638 639
638 911
639 620
639 638
640 621
640 622
640 623
640 639
641 642
644 2422
644 2501
644 2502
645 646
647 648
648 4572
649 648
650 348
650 648
650 6206
651 652
652 651
652 654
652 655
652 656
653 652
658 659
659 658
660 658
661 662
662 661
663 843
664 280
664 297
664 663
664 666
664 668
664 669
664 740
665 300
665 665
665 1147
665 1149
665 4584
670 298
670 299
670 616
670 1442
670 2721
670 4995
670 5159
670 6089
670 6090
670 6091
671 672
673 674
673 675
676 1067
678 679
678 680
678 681
678 682
679 678
680 678
681 678
682 678
683 599
685 855
685 4864
687 528
688 528
691 469
691 601
691 890
691 934
691 6220
693 694
693 695
695 693
695 1235
696 298
696 1442
697 698
697 699
700 455
700 463
702 484
703 703
704 705
704 2047
706 705
706 2047
707 705
707 1702
707 2047
708 705
708 2047
709 818
710 711
712 713
712 4513
714 713
715 550
715 616
715 715
715 716
715 1076
715 1078
715 1437
715 5962
715 6225
715 7004
717 672
718 672
719 672
723 724
723 725
723 726
728 426
728 1258
731 732
731 733
733 1147
733 2560
734 601
739 740
744 745
746 531
746 747
746 869
746 877
748 200
748 752
749 155
749 323
749 416
749 586
749 657
749 669
749 687
749 751
749 768
749 771
749 772
749 773
749 889
749 909
749 1031
749 1190
749 1196
749 1240
749 1248
749 1341
749 1619
749 2395
749 2863
749 3080
749 3113
749 3253
749 3381
749 3507
749 3575
749 3605
749 3631
749 3671
749 3766
749 3774
749 3960
749 3998
749 4040
749 4060
749 4090
749 4136
749 4139
749 4157
749 4377
749 4710
749 5192
749 5223
749 5365
749 6431
749 6432
749 6433
749 6434
749 6435
749 6436
749 6437
749 6438
749 6439
749 6440
749 6441
749 6442
749 6443
749 6444
749 6445
749 6446
749 6447
749 6448
749 6449
749 6450
749 6451
749 6452
749 6453
749 6454
749 6455
749 6456
749 6457
749 6458
749 6459
749 6460
749 6461
749 6462
749 6463
749 6464
749 6465
749 6466
749 6467
749 6468
749 6469
749 6470
749 6471
749 6472
749 6473
749 6474
749 6475
749 6476
749 6477
749 6478
749 6479
749 6480
749 6481
749 6482
749 6483
749 6484
749 6485
749 6486
749 6487
749 6488
749 6489
749 6490
749 6491
749 6492
749 6493
749 6494
749 6495
749 6496
749 6497
749 6498
749 6499
749 6500
749 6501
749 6502
749 6503
749 6504
749 6505
749 6506
749 6507
749 6508
749 6509
749 6510
749 6511
749 6512
749 6513
749 6514
749 6515
749 6516
749 6517
749 6518
749 6519
749 6520
749 6521
749 6522
749 6523
749 6524
749 6525
749 6526
749 6527
749 6528
749 6529
749 6530
749 6531
749 6532
749 6533
749 6534
749 6535
749 6536
749 6537
749 6538
749 6539
749 6540
749 6541
749 6542
749 6543
749 6544
749 6545
749 6546
749 6547
749 6548
749 6549
749 6550
749 6551
749 6552
749 6553
749 6554
749 6555
749 6556
749 6557
749 6558
749 6559
749 6560
749 6561
749 6562
749 6563
749 6564
749 6565
749 6566
749 6567
749 6568
749 6569
749 6570
749 6571
749 6572
749 6573
749 6574
749 6575
749 6576
749 6577
749 6578
749 6579
749 6580
749 6581
749 6582
749 6583
749 6584
749 6585
749 6586
749 6587
749 6588
749 6589
749 6590
749 6591
749 6592
749 6593
749 6594
749 6595
749 6596
749 6597
749 6598
749 6599
749 6600
749 6601
749 6602
749 6603
749 6604
749 6605
749 6606
749 6607
749 6608
749 6609
749 6610
749 6611
749 6612
749 6613
749 6614
749 6615
749 6616
749 6617
749 6618
749 6619
749 6620
749 6621
749 6622
749 6623
749 6624
749 6625
749 6626
749 6627
749 6628
749 6629
749 6630
749 6631
749 6632
749 6633
749 6634
749 6635
749 6636
749 6637
749 6638
749 6639
749 6640
749 6641
749 6642
749 6643
749 6644
749 6645
749 6646
749 6647
749 6648
749 6649
749 6650
749 6651
749 6652
749 6653
749 6654
749 6655
749 6656
749 6657
749 6658
749 6659
749 6660
749 6661
750 7401
753 748
755 464
755 465
755 755
755 1765
756 323
756 457
756 757
756 1791
756 2064
756 5336
758 314
759 646
760 314
760 512
761 762
761 7306
763 1867
764 765
764 766
765 518
765 764
766 764
767 751
767 768
767 769
767 770
767 771
767 772
768 7082
774 14
774 761
774 775
775 873
775 1226
778 240
778 311
780 780
780 1298
781 782
781 783
781 784
781 785
781 786
783 781
784 781
785 781
786 781
787 788
788 787
790 1059
790 4597
790 7010
791 552
792 793
792 795
793 792
793 794
794 1752
794 1997
796 792
796 794
796 797
798 646
799 423
800 801
804 807
804 1221
804 7662
806 807
808 198
808 809
808 1726
810 663
810 811
810 812
813 318
813 814
814 10
814 611
814 813
815 816
815 817
815 1282
822 501
822 823
823 240
823 276
823 293
823 465
823 466
823 601
823 882
823 956
823 1740
823 1756
823 1765
823 1766
823 1767
823 1768
823 1961
823 1968
823 2062
823 2426
823 2534
823 2641
823 2829
823 3066
823 4641
823 4642
823 4643
823 4644
826 827
828 298
828 299
828 829
828 830
828 831
831 1436
832 465
832 833
832 834
832 835
832 2757
832 4564
834 832
834 834
834 836
834 837
834 2040
834 5545
836 53
836 481
836 755
836 832
836 834
836 836
836 837
836 904
836 1638
836 1703
836 1704
836 1705
836 1716
836 1751
836 1756
836 1758
836 1768
836 1805
836 1828
836 1832
836 1841
836 1950
836 1958
836 1981
836 2039
836 2040
836 2041
836 2042
836 2043
836 4528
836 5545
836 6284
837 832
837 834
837 836
837 837
837 2040
837 5545
838 839
838 840
841 842
844 845
844 846
847 463
847 464
847 848
847 1794
847 1795
848 318
848 463
848 1641
848 4528
856 2659
857 858
862 863
864 7036
866 867
866 890
870 4635
870 6918
870 6954
872 922
872 4648
873 775
873 1193
873 1226
873 2731
875 5228
875 5236
876 5291
878 879
880 879
882 1672
884 885
886 1274
887 1147
887 1469
888 888
888 1705
888 1748
888 1816
888 1983
888 2005
888 2006
889 890
890 876
891 601
891 890
891 934
891 5747
897 709
900 901
904 905
904 920
904 921
904 923
904 1057
904 1058
904 1059
904 1138
904 1139
904 1282
904 1405
904 1700
904 2642
904 2797
904 5152
904 5257
904 6179
905 5751
905 5752
906 622
907 4982
909 910
910 1434
911 912
911 5426
913 913
913 914
913 1086
913 1087
913 1088
913 1089
913 1090
913 1091
913 2710
917 918
923 904
924 782
925 926
927 926
928 929
929 308
930 929
931 56
931 223
931 330
931 932
931 1345
931 1711
931 4648
931 4986
931 5104
931 7036
933 934
933 935
934 291
934 302
934 614
934 1434
934 1884
936 601
936 934
940 941
942 943
942 944
944 6298
945 5760
948 949
950 848
951 952
953 2088
954 469
954 470
954 1752
954 1787
956 1630
956 1708
956 1752
956 1762
956 1768
956 1886
956 1892
956 1957
958 500
962 963
964 965
964 966
964 967
964 968
966 240
966 601
966 964
966 1034
966 1154
966 1282
966 1942
970 1155
970 1709
971 972
971 973
971 974
971 975
978 977
978 1969
978 1970
979 464
979 487
979 4615
983 321
983 435
983 984
984 983
986 1189
994 995
994 996
994 997
998 999
998 1000
1000 332
1000 1147
1007 1008
1009 1008
1010 1008
1011 500
1011 501
1012 1034
1012 1143
1012 2504
1012 2685
1012 3490
1012 5432
1013 593
1013 1014
1013 1015
1013 4743
1014 1013
1022 1022
1022 1023
1023 1022
1024 1025
1026 160
1026 1026
1026 1028
1026 1207
1026 2370
1026 2554
1026 2565
1026 5060
1027 43
1027 240
1027 537
1027 1026
1027 4527
1027 6320
1027 6923
1027 6924
1027 6925
1027 6926
1027 6927
1027 6928
1027 6929
1027 6930
1027 6960
1027 6961
1030 1031
1030 1268
1030 6242
1032 1273
1032 5703
1033 300
1033 875
1033 983
1033 1032
1033 1033
1033 1149
1033 2021
1033 2526
1033 2807
1033 5139
1033 6418
1035 1036
1035 1037
1038 1039
1040 463
1040 500
1040 501
1040 1964
1040 2122
1041 501
1041 6252
1042 1043
1044 56
1044 1045
1044 1962
1045 1044
1045 1046
1047 1048
1047 1049
1047 1050
1047 1051
1047 1052
1053 1258
1059 790
1059 1708
1059 1854
1059 1868
1059 1869
1059 4152
1061 531
1063 7381
1064 1065
1067 665
1067 4584
1067 5336
1070 384
1070 464
1070 978
1071 978
1072 848
1073 848
1074 848
1076 1077
1080 1039
1081 1039
1084 1085
1084 4648
1084 4995
1085 1084
1092 1086
1092 1087
1092 1088
1092 1089
1092 1090
1092 1091
1093 2777
1095 1096
1095 1097
1095 1098
1095 1099
1096 142
1096 557
1096 1250
1096 1299
1096 5445
1096 5553
1096 5904
1099 82
1099 292
1099 1095
1099 1096
1100 1096
1101 82
1101 292
1101 1096
1102 1096
1103 1104
1105 226
1105 267
1105 426
1105 750
1105 847
1105 929
1105 1105
1105 1106
1105 1267
1105 1584
1105 2047
1105 2065
1105 2148
1105 2185
1105 2579
1105 2762
1105 2922
1105 3006
1105 4319
1105 4812
1105 4963
1105 5056
1105 5213
1105 5383
1105 5384
1105 5385
1105 5386
1105 5387
1105 5388
1105 5389
1105 5390
1105 5391
1105 5392
1105 5393
1105 5394
1105 5395
1105 5396
1105 5397
1105 5398
1105 5399
1105 5400
1105 5401
1105 5402
1105 5403
1105 5404
1105 5405
1105 5406
1105 5407
1105 5408
1105 5409
1105 5410
1105 5411
1105 5412
1105 5413
1105 5414
1105 5415
1105 5416
1105 5417
1105 5418
1105 5419
1105 5420
1105 5421
1105 5422
1105 6842
1107 1108
1107 2482
1108 1107
1108 1122
1108 1126
1108 1127
1108 1128
1109 376
1109 913
1109 1110
1109 1111
1109 1439
1109 4745
1109 5319
1109 5489
1112 1113
1115 1116
1116 4645
1117 5041
1119 463
1119 1407
1119 1937
1120 1121
1121 1120
1122 464
1122 2662
1122 4554
1122 4555
1123 2662
1123 4554
1124 430
1125 430
1128 1988
1129 1130
1129 1131
1135 1136
1137 1136
1141 848
1142 848
1146 94
1146 979
1146 1348
1146 1349
1146 2354
1146 2430
1146 2431
1146 2432
1149 300
1149 931
1151 1152
1153 1136
1153 1924
1154 966
1155 4985
1156 310
1156 772
1156 1157
1156 1233
1156 1234
1156 1258
1156 1322
1156 1323
1156 2372
1156 2550
1156 2557
1156 4552
1156 5104
1156 5155
1156 5156
1156 5157
1156 5158
1156 6307
1156 7140
1156 7388
1156 7389
1156 7390
1156 7391
1156 7392
1156 7552
1158 1159
1159 1158
1160 1252
1160 1741
1161 27
1161 29
1161 34
1161 55
1161 1162
1162 1161
1163 160
1163 1164
1163 1168
1163 1169
1164 5474
1165 1166
1167 846
1168 1163
1169 1163
1176 430
1180 1181
1182 1183
1183 129
1183 184
1183 1183
1183 1189
1183 1193
1183 1610
1183 2733
1183 2944
1184 1237
1184 5447
1184 5448
1184 5449
1184 5450
1187 1188
1189 364
1189 399
1189 836
1189 986
1189 1190
1189 1258
1189 1671
1189 1802
1189 1918
1189 1919
1189 1993
1189 2338
1189 2814
1189 4736
1189 5118
1193 873
1194 1195
1195 914
1195 1197
1195 3149
1195 3593
1195 3680
1195 5124
1195 5125
1195 5126
1195 5127
1195 5128
1195 5129
1195 5130
1195 5131
1195 5132
1195 5133
1195 5134
1195 5135
1195 5136
1196 1194
1198 1199
1200 1199
1200 1672
1200 1868
1201 1202
1203 197
1203 1204
1203 2642
1203 4993
1203 5048
1203 7550
1208 1209
1209 1208
1210 356
1210 2757
1218 1219
1219 4425
1220 170
1222 351
1222 352
1223 351
1223 352
1223 1223
1224 1225
1224 2954
1226 775
1226 873
1226 5434
1227 1278
1227 1628
1227 1772
1227 4457
1228 1229
1230 1231
1231 1230
1232 1233
1232 1234
1233 1156
1233 1232
1234 1156
1236 1024
1237 1184
1238 1239
1239 302
1239 465
1239 483
1239 1238
1239 1240
1241 1242
1242 1241
1244 1245
1244 1246
1244 1776
1248 501
1249 1250
1250 1249
1251 1252
1252 1160
1256 1283
1256 2805
1257 611
1258 1312
1258 4376
1258 4534
1258 4535
1259 320
1259 384
1259 464
1259 487
1259 601
1259 1272
1259 2354
1259 2845
1259 2864
1259 4615
1259 4618
1259 4623
1259 4624
1259 4759
1259 4804
1263 1264
1263 1265
1264 496
1264 1263
1264 1264
1264 1265
1264 2846
1264 2847
1264 2848
1266 1266
1267 1266
1268 213
1268 384
1268 1269
1268 1453
1268 2544
1268 4544
1268 4857
1271 2717
1272 1273
1273 4110
1273 7692
1274 1275
1274 2970
1276 5250
1276 5302
1277 466
1277 1802
1277 1991
1278 601
1278 815
1278 888
1278 904
1278 1136
1278 2642
1278 3341
1278 5890
1280 10
1282 601
1282 1087
1282 1282
1282 2733
1282 4163
1282 5190
1282 5247
1282 5248
1283 1156
1283 1258
1284 1271
1285 1271
1290 240
1290 311
1290 424
1290 611
1290 1026
1290 1316
1290 2371
1290 2569
1290 2571
1290 4526
1291 1926
1292 611
1292 1953
1294 1295
1297 1297
1297 2544
1301 1301
1301 1646
1301 4529
1301 4610
1301 5532
1303 6148
1304 1305
1306 1306
1309 2266
1309 4659
1312 559
1312 7103
1312 7274
1316 1100
1316 1101
1316 3617
1316 5189
1318 213
1319 356
1319 1709
1319 1817
1322 1156
1322 2555
1323 1156
1323 2555
1326 1229
1328 1328
1328 4402
1328 4403
1328 4405
1329 6101
1331 1819
1331 2025
1332 4591
1333 660
1333 749
1333 768
1333 1186
1333 1334
1333 1335
1336 1337
1339 1206
1339 2237
1346 1347
1347 1346
1348 347
1348 465
1348 1346
1348 1347
1348 1349
1348 1753
1348 2354
1348 2864
1348 4618
1348 4623
1348 4651
1348 4804
1349 4618
1349 4651
1403 1765
1405 2237
1406 1407
1407 465
1407 836
1407 1638
1408 506
1409 1410
1412 195
1413 1413
1413 1800
1417 1268
1417 2538
1418 1419
1420 500
1423 180
1423 2088
1424 465
1424 1717
1424 2643
1425 2643
1426 2643
1428 1425
1431 463
1431 2643
1432 1425
1433 1433
1434 302
1434 465
1434 1435
1434 1994
1435 180
1435 1409
1435 1639
1435 2492
1435 2493
1435 2494
1435 2641
1435 2729
1436 297
1436 1320
1436 7084
1437 299
1437 7004
1439 1439
1442 1097
1442 1098
1442 1443
1448 1312
1448 1449
1449 765
1449 1258
1449 1312
1449 1344
1449 1448
1449 6190
1450 340
1451 340
1452 1925
1452 1926
1453 288
1453 1258
1469 887
1473 10
1487 517
1501 202
1501 1537
1505 7397
1507 160
1515 4404
1515 4734
1515 7254
1515 7255
1515 7256
1515 7257
1515 7258
1537 2581
1537 5343
1537 5767
1540 1540
1540 4402
1540 4404
1541 1153
1541 3342
1607 1026
1607 1608
1607 4605
1608 1607
1610 1183
1611 1612
1612 1614
1612 1615
1613 1612
1616 1709
1616 1807
1616 1860
1616 1861
1616 1950
1617 1994
1618 1641
1619 1620
1620 1620
1620 5255
1622 756
1622 1619
1622 1621
1622 1623
1622 1624
1622 1625
1622 1626
1622 1627
1622 1634
1626 1717
1630 1701
1630 1791
1630 2049
1631 1026
1631 1634
1638 834
1638 836
1638 1716
1638 1875
1639 1264
1642 1435
1642 1643
1644 1645
1646 1331
1646 1645
1647 2504
1647 2685
1647 3490
1647 5432
1651 2101
1653 463
1655 1399
1658 1659
1662 440
1664 180
1664 1665
1667 1033
1667 7698
1668 92
1668 1258
1668 1669
1670 1671
1670 1672
1671 53
1671 182
1671 235
1671 351
1671 366
1671 399
1671 481
1671 502
1671 1660
1671 1703
1671 1704
1671 1748
1671 1751
1671 1758
1671 1767
1671 1775
1671 1785
1671 1813
1671 1819
1671 1824
1671 1826
1671 1828
1671 1829
1671 1831
1671 1832
1671 1837
1671 1846
1671 1851
1671 1888
1671 1895
1671 1900
1671 1913
1671 1936
1671 1958
1671 1970
1671 1975
1671 1976
1671 1977
1671 1978
1671 1979
1671 1980
1671 1981
1671 1982
1671 1983
1671 1984
1671 1985
1671 1986
1671 1987
1671 1988
1671 2309
1672 1758
1673 1674
1675 1676
1676 1309
1676 1676
1676 1711
1676 1909
1677 966
1677 1677
1677 1678
1677 1679
1677 1680
1677 1681
1677 1682
1677 1683
1677 1684
1677 1685
1677 1686
1677 1687
1677 1688
1677 1689
1677 1690
1677 1691
1677 1692
1677 1693
1677 1694
1677 1695
1677 1696
1677 1697
1677 1698
1677 1699
1677 1700
1677 1701
1677 1702
1677 1703
1677 1704
1677 1705
1677 1706
1678 1681
1678 1747
1678 1748
1678 1749
1679 1405
1679 1683
1679 1750
1679 1751
1680 1681
1680 1752
1681 1682
1681 1685
1681 1688
1681 1701
1681 1702
1681 1787
1682 1787
1682 1788
1683 1671
1683 1676
1683 1688
1683 1787
1683 1791
1684 27
1684 28
1684 1107
1684 1740
1684 1812
1686 233
1686 237
1686 1884
1687 1751
1687 1885
1687 1886
1687 1887
1687 1957
1688 1694
1689 237
1689 1708
1689 1892
1689 1902
1690 1751
1690 1752
1690 1886
1690 1907
1690 1908
1690 1909
1690 1910
1691 27
1691 55
1691 327
1691 1699
1691 1957
1692 17
1692 26
1692 253
1692 1693
1692 1738
1692 1739
1692 1878
1692 1928
1692 1929
1692 1930
1692 1931
1692 1932
1692 1933
1692 1934
1692 1935
1692 1936
1692 1937
1692 1938
1692 1939
1692 1940
1692 1941
1693 1738
1693 1739
1693 1878
1693 1941
1694 1701
1694 1709
1694 1868
1694 1962
1697 1701
1697 1907
1700 1278
1700 2311
1701 1704
1701 1705
1701 1748
1703 1738
1703 1739
1703 2047
1704 1435
1704 2055
1705 1939
1706 1792
1707 1239
1707 1651
1707 1708
1707 1709
1707 1999
1707 2101
1707 2344
1707 2395
1708 1708
1708 1777
1708 2007
1709 481
1709 1702
1709 1704
1709 1734
1709 1791
1709 1795
1709 1831
1709 1843
1709 1844
1709 1983
1709 2072
1709 2073
1709 2074
1709 2075
1709 2076
1709 2077
1709 2078
1710 1817
1711 1711
1711 1712
1712 293
1712 469
1712 470
1713 1714
1714 833
1714 1744
1714 1745
1714 1746
1715 1714
1716 836
1716 1638
1717 263
1717 1704
1717 1756
1717 1805
1717 1832
1717 1835
1717 1841
1717 1895
1718 893
1718 1718
1719 269
1719 1720
1720 1068
1720 1703
1720 1704
1720 1720
1720 1756
1720 1777
1720 1778
1720 1779
1720 1780
1720 1781
1720 1782
1720 1783
1720 1784
1720 1785
1720 1786
1721 1681
1721 1722
1723 1724
1724 316
1725 836
1725 1725
1725 1726
1725 1727
1725 1728
1725 1729
1725 1730
1725 5445
1726 808
1726 1731
1727 168
1727 351
1727 406
1727 491
1727 1409
1727 1427
1727 1428
1727 1430
1727 1640
1727 1703
1727 1704
1727 1705
1727 1749
1727 1751
1727 1756
1727 1766
1727 1777
1727 1778
1727 1785
1727 1819
1727 1823
1727 1824
1727 1825
1727 1826
1727 1827
1727 1828
1727 1829
1727 1830
1727 1831
1727 1832
1727 1833
1727 1834
1727 1835
1727 1836
1727 1837
1727 1838
1727 1839
1727 1840
1727 1841
1727 1842
1727 1843
1727 1844
1727 1845
1727 1846
1727 1847
1727 1848
1727 1849
1727 1850
1727 1851
1727 1852
1728 263
1728 1633
1728 1703
1728 1704
1728 1751
1728 1756
1728 1785
1728 1832
1728 1841
1728 1888
1728 1889
1729 233
1729 237
1729 1630
1729 1762
1729 1768
1729 1892
1729 1901
1730 1748
1730 1812
1730 2083
1732 1720
1733 1039
1733 1734
1735 1734
1736 836
1736 1671
1736 1717
1736 1727
1736 1728
1736 1737
1736 1738
1736 1739
1737 1832
1738 168
1738 1704
1738 1705
1738 1756
1738 1767
1738 1841
1738 1848
1738 1935
1738 2093
1738 2101
1738 2102
1739 1704
1739 1705
1739 1785
1739 1935
1739 1958
1739 2093
1740 1068
1740 1331
1740 2019
1740 2020
1741 464
1741 476
1741 1742
1741 1743
1743 463
1744 1701
1746 1937
1746 1938
1747 1790
1748 1939
1748 2023
1751 1730
1752 2098
1753 464
1753 1676
1753 1754
1754 1756
1755 464
1755 1756
1755 1757
1755 1758
1756 1739
1756 1792
1756 1919
1756 2023
1756 2047
1756 2087
1759 1676
1759 1760
1761 1762
1762 339
1762 1700
1762 1766
1762 1997
1762 3737
1762 5223
1762 5224
1762 7047
1763 1756
1764 1100
1764 1101
1764 1690
1764 3617
1764 5189
1764 5207
1765 1920
1766 2087
1770 1771
1771 1700
1771 2179
1773 1676
1773 1774
1773 1775
1773 1776
1774 636
1774 1773
1774 1774
1775 2063
1776 1862
1777 836
1778 2025
1778 4748
1779 1780
1779 1812
1780 463
1780 502
1780 823
1782 1738
1784 1792
1784 2069
1785 1823
1786 2069
1788 381
1788 1964
1788 5855
1788 5856
1788 5857
1789 1787
1789 1790
1790 2104
1793 1972
1795 1402
1795 1865
1796 1671
1796 1672
1797 1798
1799 1798
1800 1785
1801 1802
1803 1802
1804 1805
1806 129
1806 832
1806 910
1806 1694
1806 1752
1806 1765
1806 1779
1806 1791
1806 1807
1806 1808
1806 1809
1806 1810
1806 1811
1806 1812
1806 1813
1807 1630
1807 1859
1807 7112
1808 548
1808 1701
1808 1708
1808 1921
1809 233
1809 237
1809 836
1809 1762
1809 1892
1809 1958
1812 1850
1814 1630
1814 1810
1814 1815
1814 1816
1818 1630
1818 1787
1818 1812
1818 1819
1819 1737
1820 365
1820 1700
1822 263
1823 1785
1824 2023
1826 1672
1826 1737
1826 1962
1831 1738
1831 1962
1832 1738
1832 1739
1836 2047
1838 1705
1838 2056
1841 1739
1844 628
1844 2087
1844 5229
1853 1184
1853 1709
1853 1771
1853 1854
1854 129
1854 237
1854 1078
1854 1708
1854 1752
1854 1808
1854 1886
1854 1892
1854 1893
1854 1899
1854 1900
1855 1069
1856 1671
1856 1709
1857 1146
1858 1702
1858 1859
1860 28
1860 55
1860 321
1860 1258
1860 1435
1860 1616
1860 1859
1860 2729
1861 1705
1861 1751
1861 1862
1863 836
1863 1864
1865 836
1865 1854
1865 1865
1865 1866
1866 237
1866 1708
1866 1886
1866 1892
1866 1893
1868 1795
1868 1805
1868 1843
1870 1808
1871 1630
1872 1671
1872 1709
1873 1779
1873 1792
1873 1874
1874 263
1874 1756
1874 1781
1874 1831
1874 1836
1874 1839
1875 834
1876 1671
1876 6219
1877 1738
1877 1878
1878 253
1878 1738
1878 1756
1878 1878
1878 1934
1878 1935
1878 1937
1878 1938
1878 2093
1879 1880
1880 2014
1881 1717
1882 237
1882 846
1882 1073
1882 1443
1882 1591
1882 1756
1882 1883
1882 3586
1882 3616
1882 3962
1882 4115
1882 5244
1882 6118
1882 6119
1882 6120
1882 6121
1882 6122
1882 6123
1882 6124
1882 6125
1882 6126
1882 6127
1882 6128
1882 6129
1882 6130
1882 6131
1882 6132
1882 6133
1882 6134
1882 6135
1882 6136
1882 6137
1882 6138
1882 6139
1882 6140
1882 6141
1882 6142
1882 6143
1882 6144
1882 6145
1882 6146
1882 6147
1882 6148
1882 6149
1882 6150
1882 6151
1882 6152
1882 6153
1882 6154
1882 6155
1882 6156
1882 6157
1882 6158
1882 6159
1882 6160
1882 6161
1882 6162
1882 6163
1882 6164
1882 6165
1882 6166
1882 6167
1882 6168
1883 1702
1885 1862
1885 1885
1886 1676
1888 1128
1890 1671
1891 237
1892 232
1892 1893
1892 1999
1894 1756
1894 1895
1895 613
1895 614
1895 1646
1895 2087
1896 1671
1896 4439
1897 1892
1898 237
1901 1997
1903 237
1903 1886
1903 1892
1904 1892
1905 1692
1906 233
1906 237
1906 1751
1906 1892
1907 550
1907 2008
1908 2015
1911 1704
1911 1756
1911 1912
1911 1913
1912 53
1912 966
1912 1960
1914 237
1914 1886
1914 1892
1915 1751
1915 1886
1915 1892
1916 836
1917 465
1917 834
1917 837
1917 1709
1917 2757
1918 1705
1918 1738
1918 1878
1919 1704
1919 1766
1920 1709
1921 1792
1922 1878
1922 1923
1923 17
1923 26
1923 253
1923 1693
1923 1739
1923 1878
1923 1928
1923 1929
1923 1930
1923 1931
1923 1932
1923 1934
1923 1935
1923 1937
1923 1938
1923 1941
1924 1927
1929 1126
1929 1672
1929 1738
1929 1878
1930 1935
1932 1878
1932 1932
1934 1756
1934 1935
1935 1941
1939 1939
1942 796
1942 966
1942 1943
1942 4565
1943 2086
1944 1945
1945 1945
1945 1954
1945 1955
1946 1945
1947 1945
1948 1945
1950 1704
1950 1950
1951 1837
1952 611
1952 4457
1952 5153
1953 1862
1954 441
1955 636
1955 1756
1955 1777
1956 364
1956 1239
1957 232
1957 233
1957 1810
1957 1892
1957 1958
1958 1676
1958 1893
1959 966
1959 1960
1961 823
1961 1762
1961 1864
1963 1676
1963 1958
1964 369
1964 1641
1964 1812
1964 1864
1964 1909
1965 463
1965 1741
1965 1966
1967 53
1967 1756
1967 1953
1968 1751
1968 2035
1968 4532
1968 6387
1972 2309
1973 1974
1975 1996
1978 574
1980 1838
1980 2056
1980 2057
1981 1738
1981 2023
1983 1748
1983 1939
1989 1990
1993 601
1993 956
1993 2542
1994 1646
1994 2067
1994 4661
1995 1709
1997 1672
1997 1812
1998 1630
1998 1768
1999 463
1999 1707
2000 836
2000 1792
2000 1919
2000 1950
2001 1717
2002 2003
2004 1699
2009 1709
2010 1709
2011 1709
2011 1739
2011 4592
2015 1902
2016 2017
2017 1958
2018 1288
2021 263
2021 1275
2021 1983
2021 2021
2021 2022
2021 7023
2024 293
2024 1994
2026 1868
2026 2027
2027 1704
2027 1751
2027 1756
2027 1766
2027 1784
2027 1795
2027 1805
2027 1830
2027 1851
2027 2071
2028 1337
2028 2028
2029 610
2029 2029
2030 1964
2031 836
2031 1964
2032 1964
2033 1709
2034 1128
2034 1878
2034 2035
2035 563
2035 1012
2035 1647
2035 1874
2035 1968
2035 2035
2035 2048
2036 1433
2036 1739
2036 2426
2037 2038
2040 2040
2041 1738
2042 1792
2042 2042
2044 2045
2047 1704
2050 2051
2051 1705
2051 2051
2052 2052
2053 1672
2054 2055
2056 2055
2056 2057
2057 2055
2057 2057
2057 2104
2058 1705
2058 1812
2058 2058
2059 2060
2061 2061
2062 1756
2065 1983
2066 1812
2068 1962
2068 2069
2070 1986
2079 2080
2081 1869
2082 1785
2084 1717
2085 1812
2085 2072
2086 369
2086 430
2086 1868
2086 1943
2088 2088
2089 1756
2090 1941
2091 1756
2092 1722
2094 1128
2095 2057
2096 2097
2099 1748
2100 253
2101 2643
2103 1941
2103 2055
2104 2055
2105 2057
2106 1672
2106 1812
2106 2106
2107 1705
2107 2107
2108 1705
2108 2108
2109 1128
2110 2055
2111 2111
2112 364
2112 1239
2112 1434
2112 1956
2112 2528
2112 2529
2118 1687
2119 630
2119 955
2119 1686
2119 1687
2119 1906
2119 1964
2119 2098
2119 2120
2119 2122
2119 6086
2119 6087
2119 6088
2120 195
2120 630
2120 1964
2120 2098
2120 2119
2120 2120
2120 2121
2120 2122
2120 2123
2121 195
2121 447
2121 2123
2121 2561
2121 6334
2122 823
2123 2121
2124 966
2125 966
2127 267
2135 506
2135 1398
2138 1268
2172 88
2172 94
2172 1118
2172 1507
2172 2605
2172 2607
2172 2621
2172 2622
2172 4579
2194 340
2237 466
2237 1277
2237 2011
2255 465
2255 595
2255 1993
2255 2256
2287 308
2287 563
2287 1012
2287 1034
2287 1647
2287 1874
2287 2287
2287 5294
2287 5295
2309 442
2309 2333
2309 2334
2309 2335
2309 2336
2310 2311
2314 2114
2315 212
2318 890
2320 890
2323 2324
2330 2331
2335 2309
2336 5220
2336 5221
2337 2334
2337 2335
2337 4171
2339 601
2340 262
2340 1407
2344 1707
2345 55
2346 245
2347 1700
2347 1771
2347 2179
2347 2348
2348 1189
2349 2348
2350 1122
2350 1123
2351 515
2351 1140
2351 5265
2351 5266
2352 2353
2355 1198
2355 1200
2355 2647
2355 2648
2360 2360
2360 2361
2361 2360
2361 3814
2364 1301
2364 4648
2370 3415
2372 1156
2373 240
2375 7713
2378 2774
2380 876
2388 2369
2389 2369
2389 2572
2390 2369
2390 2583
2391 2369
2391 2572
2391 2588
2391 2589
2392 954
2392 1677
2392 1683
2392 1762
2392 1959
2392 2052
2392 5546
2392 5547
2392 5548
2393 500
2394 500
2395 1707
2396 455
2396 463
2396 1651
2396 2142
2396 2832
2401 751
2401 2815
2401 7061
2414 5385
2415 5651
2416 5385
2420 2420
2420 4804
2422 1179
2422 1183
2422 1206
2422 2461
2422 2502
2422 2806
2426 2036
2427 2428
2430 1259
2430 2354
2430 2864
2430 4615
2430 4618
2431 487
2431 2354
2431 2845
2431 2864
2431 4615
2436 2559
2436 4163
2437 7401
2451 2452
2453 1434
2453 1646
2461 1206
2461 2422
2461 2502
2473 2473
2473 2474
2473 2475
2476 2366
2477 2789
2477 5703
2479 1258
2480 2340
2480 2481
2483 210
2483 282
2484 2337
2485 463
2485 501
2486 455
2486 463
2486 5235
2487 2488
2488 2487
2490 2488
2491 1639
2491 2492
2491 2493
2491 2494
2493 1264
2496 501
2497 501
2499 433
2499 614
2499 2498
2502 2422
2504 563
2504 1012
2504 1647
2504 2504
2505 430
2505 904
2505 2506
2507 2508
2507 2509
2516 501
2521 4645
2528 302
2528 2112
2531 237
2533 501
2539 1417
2540 1417
2541 557
2541 1250
2541 2542
2544 1268
2545 145
2545 291
2545 1097
2545 1098
2545 1884
2546 291
2546 1884
2550 1156
2551 948
2551 1322
2551 1323
2551 2557
2555 1322
2555 1323
2555 2557
2555 4552
2555 5444
2555 6307
2555 7388
2555 7389
2555 7390
2555 7391
2555 7392
2556 4536
2557 1156
2557 2555
2558 4265
2558 4586
2558 5045
2558 5046
2559 426
2559 790
2559 1282
2559 1502
2559 1819
2559 2922
2559 3574
2559 4771
2559 5208
2559 5209
2559 5210
2559 5211
2559 5212
2559 5213
2559 5214
2559 5215
2559 5216
2559 5905
2559 7124
2561 2849
2564 240
2565 1026
2569 1269
2580 2402
2583 2390
2584 1076
2584 1078
2584 4430
2584 4434
2590 2588
2590 2589
2598 442
2598 7470
2601 960
2612 2649
2612 2650
2614 2614
2624 1349
2624 7304
2639 2641
2640 195
2640 2641
2642 904
2642 1278
2642 1864
2649 2612
2650 2612
2651 1405
2651 1700
2652 1405
2652 1700
2653 834
2653 836
2653 837
2654 1974
2656 2657
2656 2658
2657 2656
2658 1964
2658 2495
2658 2656
2659 320
2668 2721
2676 5866
2684 5292
2685 563
2685 1012
2685 1647
2704 270
2710 2659
2710 2828
2711 469
2711 946
2711 1227
2711 5451
2711 6174
2716 2716
2716 4648
2716 4846
2718 1286
2719 281
2719 2719
2719 4648
2720 384
2721 2668
2722 369
2722 2723
2722 4457
2723 611
2723 1993
2723 2541
2723 2801
2724 2722
2726 300
2726 4903
2731 464
2731 549
2731 873
2731 2730
2734 481
2734 614
2734 1203
2734 1317
2734 2422
2734 4316
2734 4687
2734 4688
2734 4689
2734 4690
2734 4691
2734 4692
2734 4693
2737 2736
2737 2745
2737 4398
2740 2703
2741 4391
2742 240
2742 1299
2742 2839
2742 5167
2745 2541
2747 2021
2747 2748
2748 292
2748 2749
2749 2749
2750 424
2750 2571
2753 907
2754 2754
2757 384
2757 469
2757 893
2757 1100
2757 1101
2757 3617
2757 5189
2760 5336
2771 2047
2772 369
2772 430
2772 1943
2772 2772
2772 5187
2772 5188
2774 2378
2789 2477
2789 2789
2789 7197
2789 7198
2789 7266
2791 1852
2791 2792
2791 4806
2791 5445
2791 5564
2795 2796
2798 351
2798 1156
2798 2798
2798 4761
2798 5004
2803 2021
2803 2526
2803 2529
2806 1179
2806 2805
2807 2805
2812 601
2812 1282
2814 1189
2815 56
2818 2805
2819 2805
2820 240
2820 621
2820 862
2820 1469
2820 1541
2820 2806
2820 2938
2820 4724
2820 5512
2820 5752
2821 469
2821 2806
2828 2710
2828 2831
2831 2710
2831 2828
2838 2348
2839 1258
2843 1264
2844 1264
2845 1264
2847 461
2850 2851
2859 5727
2924 5651
2931 1156
2937 2938
2941 2309
2949 963
2952 789
2952 1258
2957 948
2969 1183
2971 1053
2971 1258
2971 2971
2971 3140
2977 1507
2977 1626
2977 2984
2977 2992
2977 2993
3032 6399
3040 5283
3058 2559
3131 1282
3137 934
3137 1123
3165 721
3171 5000
3171 5001
3249 1282
3252 5823
3264 2156
3403 213
3403 1318
3490 563
3490 1012
3490 1647
3500 147
3500 2624
3612 352
3612 6334
3612 6335
3629 1282
3748 4463
3749 913
3757 4645
3764 4513
3776 3218
3882 5508
3894 1078
3946 384
3953 1319
4034 2024
4151 286
4151 334
4151 545
4151 718
4151 2497
4151 4151
4151 4648
4152 814
4163 330
4163 5445
4169 4170
4170 455
4170 501
4170 613
4170 614
4173 1301
4173 1344
4173 3023
4205 300
4205 651
4205 984
4205 1149
4205 2518
4205 4861
4205 4917
4379 3057
4379 4380
4382 4963
4384 4383
4388 1505
4389 4390
4395 399
4395 4395
4402 1297
4402 1328
4402 1540
4402 4403
4402 4404
4402 4405
4402 4506
4402 4507
4402 4508
4403 1328
4403 4402
4403 4403
4403 4405
4404 1540
4404 4402
4405 1328
4405 4402
4405 4403
4405 4405
4407 1179
4407 1183
4408 5760
4409 4410
4411 4410
4413 2460
4416 4410
4419 1413
4419 4418
4420 823
4420 1184
4420 1964
4420 2122
4420 4421
4422 1711
4422 4423
4422 4648
4422 4986
4425 379
4425 790
4425 1219
4425 1855
4425 4426
4425 4427
4425 4428
4425 4429
4426 4425
4427 4425
4430 1097
4430 1098
4431 1097
4431 1098
4432 1097
4432 1098
4433 1097
4433 1098
4434 1097
4434 1098
4435 4436
4437 2545
4440 415
4440 416
4440 691
4440 889
4441 931
4441 4422
4442 931
4442 4422
4444 4445
4450 369
4451 369
4452 369
4453 369
4453 430
4453 1278
4453 1943
4453 7175
4459 107
4459 4408
4464 4463
4467 464
4467 1743
4467 2009
4468 464
4468 1743
4468 2009
4475 913
4476 1753
4478 1753
4482 2368
4485 1156
4485 1258
4485 4485
4485 5445
4485 7339
4486 188
4489 4490
4491 1275
4496 4497
4505 1258
4506 4402
4507 4402
4508 4402
4509 799
4512 4513
4513 712
4513 3764
4514 82
4514 2624
4514 4515
4516 654
4516 655
4516 2518
4516 4517
4518 4519
4522 447
4522 1742
4523 4523
4523 4524
4523 4525
4526 1100
4526 1101
4526 3617
4526 5189
4527 10
4527 59
4527 530
4527 1258
4527 1479
4527 5039
4527 5040
4528 465
4528 836
4532 1968
4534 1312
4535 1312
4537 655
4540 4541
4541 4540
4541 4542
4542 4541
4543 2021
4544 1258
4550 1156
4551 1156
4552 1156
4552 2555
4553 2003
4556 1187
4557 1187
4565 240
4565 1942
4568 4560
4569 4560
4570 4560
4571 4560
4580 2172
4582 1258
4583 1942
4584 298
4584 300
4584 665
4584 1067
4586 2558
4591 1839
4593 384
4607 557
4607 765
4607 1268
4607 1737
4607 3501
4607 4607
4607 4838
4607 5443
4607 5444
4607 5446
4607 6249
4608 469
4611 4618
4619 1711
4619 4620
4619 4621
4619 4622
4626 601
4626 789
4626 1092
4626 1094
4626 1320
4626 4627
4626 4628
4626 4629
4626 4630
4626 4631
4626 4632
4626 4633
4626 4634
4626 4635
4626 4636
4626 4637
4626 4638
4626 4639
4626 4640
4641 205
4645 528
4645 790
4645 1116
4645 3757
4645 4645
4645 7549
4646 1033
4646 2024
4646 4127
4646 4647
4646 4648
4646 6792
4646 7036
4646 7177
4646 7182
4646 7693
4646 7738
4648 280
4648 435
4648 439
4648 702
4648 811
4648 1151
4648 3840
4648 4626
4648 6434
4648 6476
4648 7016
4648 7017
4648 7018
4648 7019
4648 7020
4648 7021
4648 7022
4648 7023
4648 7024
4648 7025
4648 7026
4648 7027
4648 7028
4648 7029
4648 7030
4648 7031
4648 7032
4655 1258
4661 4662
4696 240
4696 1580
4696 4697
4696 4698
4696 4699
4706 4703
4743 387
4743 651
4743 665
4743 1033
4743 2803
4743 7162
4748 1778
4756 6942
4758 1579
4825 5515
4827 7301
4859 665
4864 685
4867 5285
4873 6085
4886 7482
4889 4889
4893 4894
4900 4901
4902 4903
4902 6418
4983 4983
4986 931
4987 4918
4988 4990
4992 4993
5004 2651
5004 2652
5007 159
5007 225
5007 786
5007 968
5007 1806
5007 1851
5007 2140
5007 4457
5007 4743
5007 5008
5007 5009
5007 5010
5007 5011
5007 5012
5007 5013
5007 5014
5007 5015
5007 5016
5007 5017
5007 5018
5007 5019
5007 5020
5007 5021
5007 5022
5007 5023
5007 5024
5007 5025
5007 5026
5007 5027
5007 5028
5007 5029
5007 5030
5007 5031
5007 5032
5007 5033
5029 97
5029 5029
5041 1117
5041 1505
5041 4742
5049 290
5056 2541
5056 2558
5056 7038
5056 7039
5056 7040
5056 7041
5079 763
5079 2722
5079 5219
5081 1258
5086 464
5086 1123
5086 1469
5086 1875
5086 2370
5086 2598
5086 2805
5086 5116
5086 6921
5087 1156
5087 1323
5087 2555
5091 888
5093 5094
5111 5112
5115 904
5115 7565
5116 5116
5136 7403
5140 5139
5142 357
5142 665
5142 1619
5142 2803
5143 813
5143 987
5147 2604
5147 5148
5148 5148
5148 6380
5148 6381
5149 2021
5150 986
5150 987
5152 904
5155 1156
5156 1156
5157 1156
5158 1156
5159 696
5159 4382
5183 5183
5190 1282
5192 705
5192 1156
5193 904
5194 5195
5196 4564
5197 1100
5197 1101
5197 3617
5197 5189
5219 5079
5223 624
5228 931
5236 5237
5236 7396
5243 846
5243 5244
5245 845
5245 846
5245 5244
5245 5246
5249 2760
5252 79
5252 2958
5252 3041
5253 1037
5253 2958
5253 3041
5253 5254
5254 5253
5262 446
5264 873
5264 1178
5281 5282
5287 5288
5289 5290
5291 876
5292 1258
5292 5292
5292 5443
5292 5444
5292 5445
5292 5446
5294 2035
5296 5297
5298 1518
5299 86
5299 1501
5299 5301
5299 5302
5299 5303
5299 5304
5299 5305
5299 5306
5300 1501
5310 5311
5318 4628
5318 5319
5333 6265
5336 1067
5336 4918
5338 5336
5340 1026
5340 1131
5340 1439
5340 5327
5340 5438
5352 877
5352 1305
5352 2464
5352 4648
5352 5356
5358 4708
5364 934
5364 5365
5367 5368
5367 5369
5370 2859
5374 2156
5378 4704
5379 948
5391 931
5404 4958
5425 5426
5437 5340
5439 621
5439 1256
5439 2938
5439 4724
5439 7097
5440 4997
5440 5440
5451 1227
5471 2796
5491 267
5491 1817
5496 948
5509 5508
5510 5508
5512 2659
5513 1771
5515 121
5517 5515
5518 2722
5518 5515
5528 5527
5536 5537
5549 1689
5549 1695
5549 5550
5662 5663
5666 5665
5683 5718
5686 4175
5686 7736
5708 5709
5718 1479
5718 1517
5719 1479
5719 1517
5728 27
5728 55
5728 327
5728 1957
5729 5730
5733 5734
5733 5735
5733 5736
5736 7194
5737 4761
5743 5744
5743 5745
5753 5754
5762 1711
5763 1505
5788 5788
5790 5791
5821 5108
5821 5821
5821 5822
5825 5055
5827 2597
5828 5827
5863 4623
5865 2676
5865 5866
5901 5046
5903 5904
5940 765
5940 2274
6038 4553
6081 6081
6082 6083
6084 751
6084 6083
6084 6085
6094 426
6094 526
6094 552
6094 665
6094 1436
6094 1625
6094 1783
6094 2667
6094 2820
6094 3165
6094 4556
6094 5439
6094 5512
6094 7097
6095 1574
6102 2768
6103 2768
6103 6104
6104 5805
6105 2768
6108 330
6109 1505
6116 612
6116 1258
6116 1291
6116 1760
6116 6117
6146 831
6170 715
6172 6173
6179 465
6179 834
6179 2201
6179 2536
6179 2956
6179 6180
6179 6181
6179 6182
6179 6183
6179 6184
6185 6186
6187 6188
6188 6189
6194 6195
6197 4719
6207 6208
6210 2596
6211 1530
6212 1956
6215 6396
6226 1874
6228 864
6228 6229
6230 864
6230 6229
6231 864
6231 6229
6232 57
6232 6229
6233 6229
6260 5148
6262 836
6270 6271
6273 2528
6274 4144
6275 601
6278 6278
6285 350
6298 944
6298 7382
6299 6298
6306 5327
6307 1156
6307 1505
6307 2555
6310 513
6311 513
6323 5872
6332 1258
6333 2789
6333 6334
6334 254
6334 290
6334 631
6334 2121
6334 7583
6336 290
6336 931
6336 5762
6341 670
6342 2035
6360 4127
6360 6361
6360 6792
6365 6366
6365 6367
6365 6368
6382 6380
6383 6384
6385 1525
6385 6386
6387 1968
6662 2129
6686 6689
6686 6691
6689 6691
6691 6686
6691 6689
6709 6717
6792 4744
6792 6781
6792 7162
6919 107
6919 238
6919 6920
6922 43
6922 537
6922 1026
6922 4527
6922 6320
6922 6923
6922 6924
6922 6925
6922 6926
6922 6927
6922 6928
6922 6929
6922 6930
6922 6960
6931 6932
6933 2327
6934 423
6934 827
6934 1800
6934 2029
6934 2789
6934 3031
6934 3606
6934 4892
6934 4988
6934 5327
6934 6925
6934 6935
6934 6936
6934 6937
6934 6938
6934 6939
6934 6940
6934 6941
6934 6942
6934 6943
6934 6944
6934 6945
6934 6946
6934 6947
6934 6948
6934 6956
6934 6957
6942 200
6949 6950
6949 6951
6952 918
6952 4643
6953 873
6953 1996
6953 4884
6955 272
6955 2558
6955 3046
6958 2954
6959 873
6959 1996
6959 4884
7003 751
7007 5512
7008 4993
7009 3131
7010 1116
7010 2521
7010 3757
7010 4645
7010 7010
7033 1274
7046 7047
7049 6244
7049 7048
7053 7482
7058 234
7058 1477
7058 7059
7061 1505
7061 4173
7063 7064
7104 7104
7111 517
7113 1311
7125 2275
7125 4828
7126 2270
7126 2275
7126 4828
7126 7127
7127 7243
7128 2939
7128 7396
7134 5356
7134 7135
7134 7138
7136 5356
7136 7137
7136 7138
7140 1156
7143 7144
7147 7148
7147 7693
7147 7715
7158 4517
7158 6314
7158 7159
7164 7165
7165 7164
7167 4820
7167 7168
7167 7169
7180 292
7183 394
7185 7186
7191 7192
7194 28
7194 5736
7196 2789
7199 464
7243 7127
7269 5797
7279 5654
7279 5657
7287 6680
7287 7288
7289 6038
7290 5427
7305 557
7305 3501
7306 761
7308 2889
7308 7309
7316 2003
7316 7317
7318 1427
7318 5207
7318 6810
7318 7319
7318 7320
7318 7321
7333 4353
7333 4874
7335 5092
7341 2805
7352 2777
7360 7239
7363 2703
7366 7367
7379 5889
7383 137
7383 200
7383 752
7388 1156
7388 2555
7389 1156
7389 2555
7390 1156
7390 2555
7391 1156
7391 2555
7392 1156
7392 2555
7399 4775
7399 6347
7402 7401
7404 130
7405 7406
7405 7407
7405 7408
7405 7409
7467 7468
7472 7473
7476 5881
7482 4886
7482 5827
7482 7053
7482 7483
7483 7482
7486 7486
7658 137
7660 4476
7681 5683
7681 6189
7681 7682
7684 7683
7690 966
7690 7691
7693 7714
7697 5378
7697 7698
7713 925
7713 2375
7719 2849
7720 340
7723 629
7723 1474
7735 7716
7739 2820
7739 3273
7739 5439
7739 7740
7739 7741
7746 7745
