0  829
0  136
1  854
1  515
1  377
1  293
1  392
1  771
2  888
2  456
2  399
2  187
2  337
2  314
3  365
3  259
3  232
3  926
3  874
3  440
3  869
3  821
4  171
4  852
4  237
4  500
4  374
4  721
4  588
4  768
4  298
5  12
5  25
5  910
5  691
5  545
6  196
6  827
6  132
6  442
6  174
6  931
6  680
6  422
7  683
7  594
8  118
8  758
8  721
8  538
8  615
8  755
9  818
9  193
9  766
9  280
9  926
9  253
9  277
9  128
9  628
10  100
10  396
10  215
10  578
10  760
10  833
10  570
10  697
10  870
10  888
10  493
11  171
11  617
11  484
11  392
11  797
11  595
11  969
11  454
11  642
11  888
12  827
12  492
12  644
13  49
13  842
13  303
13  657
13  498
13  962
13  750
13  396
14  752
14  745
14  47
14  83
14  260
14  667
14  529
15  916
15  561
15  974
15  570
15  20
15  112
15  784
16  943
16  177
16  655
17  687
17  170
17  976
17  248
17  360
17  42
17  679
17  641
17  566
17  534
17  584
18  58
18  41
18  159
18  228
18  49
18  367
18  591
19  111
19  491
19  166
19  711
19  471
19  588
19  451
19  939
19  869
19  447
20  156
20  437
20  685
21  445
21  779
21  696
21  287
21  741
22  411
23  821
23  354
23  111
23  461
24  298
24  194
24  815
24  474
25  842
25  791
25  487
25  181
26  185
26  451
26  152
26  826
26  923
26  898
26  928
26  599
27  258
27  716
27  980
27  902
27  715
27  739
27  899
28  645
28  412
28  661
28  205
28  280
28  963
29  438
29  532
29  938
29  657
29  218
29  431
29  170
29  296
29  699
29  176
29  384
29  65
30  970
30  949
30  925
30  118
30  571
30  189
31  253
31  294
32  79
32  618
33  514
33  287
33  299
33  407
33  797
34  552
34  513
34  508
34  750
34  855
35  161
35  372
35  684
35  417
35  774
35  831
35  809
35  619
35  963
35  713
35  755
36  943
36  121
36  289
36  525
36  375
36  116
36  77
36  451
36  793
37  963
37  500
38  250
38  635
38  627
38  387
39  515
39  217
39  164
39  901
39  73
39  953
39  285
40  178
40  668
40  713
40  136
40  210
40  529
40  329
40  534
41  853
41  991
41  957
42  154
42  674
42  404
42  681
42  527
42  220
43  871
43  588
43  957
43  465
43  278
43  833
43  965
43  767
44  313
44  91
44  351
44  810
45  346
45  469
45  376
45  459
46  479
46  205
46  186
46  633
46  817
46  725
46  218
47  223
47  164
47  221
47  628
48  329
48  880
48  763
48  779
49  111
49  335
49  210
49  104
49  680
49  50
49  707
49  611
49  316
49  100
49  569
49  475
50  475
50  692
50  991
50  175
50  152
50  308
51  806
51  744
52  716
52  976
52  425
52  740
52  803
52  174
52  356
53  405
53  437
53  391
53  944
54  387
54  694
55  126
55  607
55  810
55  795
55  235
55  221
55  597
56  244
56  456
56  476
56  613
56  391
56  845
56  394
56  173
56  983
56  305
56  505
57  979
57  611
57  888
58  309
58  879
58  822
58  111
58  577
58  791
58  918
58  161
59  473
59  827
59  204
59  329
59  776
59  999
59  381
59  979
60  764
60  512
60  595
61  571
61  380
61  851
61  814
61  752
62  706
62  911
62  389
62  468
62  112
62  707
62  554
62  235
62  457
62  438
62  148
63  199
64  420
64  677
64  179
64  172
65  428
65  680
65  158
65  571
65  967
65  795
65  825
66  498
66  933
66  802
66  647
66  455
66  416
67  555
67  739
67  477
67  460
67  234
68  398
68  628
68  383
68  694
68  900
68  946
68  550
68  388
69  101
69  362
69  901
69  82
70  944
70  523
70  441
70  149
70  574
71  664
71  546
71  426
71  802
71  890
71  329
71  649
71  394
72  445
72  968
72  502
72  407
72  303
72  398
72  347
72  360
72  551
72  401
72  457
72  816
73  837
73  485
73  442
73  857
74  950
74  297
74  815
74  896
74  276
75  346
75  944
75  218
75  443
75  129
75  695
76  881
76  145
76  400
76  117
76  432
77  845
77  770
77  429
77  526
77  997
77  292
78  660
78  504
78  465
78  891
78  788
79  999
79  103
80  875
80  767
80  878
80  934
80  249
80  739
80  339
80  809
81  90
81  415
81  531
81  162
81  279
81  122
82  308
82  564
82  546
82  848
83  905
83  98
83  144
83  365
83  105
83  594
84  153
84  592
84  87
84  278
84  861
85  109
85  663
85  895
85  169
85  514
85  561
86  305
86  198
86  211
86  137
86  540
86  390
87  157
87  451
87  344
87  566
87  870
87  402
87  610
88  327
88  910
88  980
88  789
88  306
88  814
89  710
89  670
89  160
89  505
90  591
90  605
91  240
91  785
91  941
92  416
92  128
92  408
92  758
92  137
92  420
93  372
93  479
93  639
93  259
93  941
94  698
94  231
94  267
94  246
95  993
95  586
95  376
95  985
95  933
96  843
96  370
97  662
97  494
97  884
97  991
97  702
97  418
97  327
98  434
98  476
99  653
99  527
99  939
99  811
99  938
99  607
99  835
99  857
99  534
99  965
100  821
100  160
100  176
100  192
100  888
100  588
100  359
100  131
100  681
101  922
101  724
101  565
102  938
102  475
102  293
102  912
102  321
103  653
103  335
103  841
103  385
103  442
103  225
104  882
104  692
104  815
104  809
104  364
104  192
104  540
104  634
104  891
105  977
106  208
106  710
106  310
106  987
106  195
106  315
106  691
106  118
106  376
107  837
107  893
107  185
107  867
108  385
108  608
108  469
108  413
108  752
109  978
109  666
109  418
109  254
109  147
110  127
110  223
110  980
110  404
110  261
110  169
111  607
111  412
111  504
111  603
112  912
112  210
112  149
112  695
112  974
112  234
112  587
112  562
113  841
113  358
113  801
113  432
113  600
113  355
113  981
113  164
113  857
113  464
114  267
114  647
114  986
114  135
114  261
115  219
115  589
115  513
115  811
115  613
115  234
116  743
116  958
116  631
116  983
116  408
116  379
117  585
117  929
117  720
117  870
117  769
118  580
118  747
118  610
118  661
118  867
118  360
119  725
119  534
119  301
119  529
119  483
119  234
119  650
120  521
120  242
121  259
121  880
121  174
121  350
121  678
122  658
122  817
122  867
122  669
122  537
123  256
123  984
123  827
124  456
124  575
124  976
125  158
125  130
125  584
125  922
125  776
125  140
126  930
126  824
126  193
126  335
127  454
127  550
127  286
127  968
127  636
127  386
127  397
128  212
128  519
128  297
128  305
128  839
128  563
128  982
129  505
129  487
129  623
129  830
130  818
130  171
130  425
130  834
131  754
131  865
131  889
131  163
131  925
132  899
132  630
132  435
132  942
132  908
132  644
132  898
133  687
133  159
133  406
133  749
133  904
133  407
133  396
133  335
134  339
134  515
134  900
134  924
134  774
135  821
136  900
136  716
137  157
137  841
137  577
137  929
137  550
137  348
137  206
138  321
138  206
138  265
139  925
139  379
139  361
140  726
140  651
141  564
141  654
141  946
141  256
141  200
141  961
142  162
142  728
142  936
142  801
142  961
143  625
143  868
143  210
143  719
143  658
143  622
143  431
144  585
144  904
144  743
144  969
144  430
145  624
145  704
145  668
145  620
146  978
146  155
146  940
146  914
146  421
146  233
146  492
146  359
147  426
147  982
147  382
147  215
147  468
147  154
147  651
148  315
148  296
148  579
148  753
148  995
149  930
149  816
149  691
149  747
149  819
149  622
150  593
150  789
150  248
150  262
150  695
151  533
151  158
151  208
152  676
152  877
152  465
152  705
152  359
152  886
152  186
152  459
153  316
153  264
153  431
153  740
154  723
154  799
154  881
155  225
155  567
155  178
155  322
155  695
155  428
155  687
156  739
156  714
156  543
156  568
157  617
157  303
157  898
157  847
157  172
157  768
157  167
158  448
158  609
158  983
158  882
158  942
158  466
158  330
158  328
159  671
159  631
159  568
159  704
159  426
159  606
159  217
160  806
161  388
161  912
161  348
161  803
161  917
161  554
161  192
162  968
162  810
162  991
162  482
162  218
163  277
163  897
164  474
164  504
164  532
164  962
164  846
165  541
165  801
165  409
165  822
165  863
165  448
165  673
166  264
166  549
166  509
166  232
166  842
166  429
167  551
167  267
167  810
167  977
167  640
167  690
167  853
167  169
167  802
167  433
168  722
168  851
168  998
169  391
169  215
169  267
169  403
169  563
169  662
169  722
169  231
170  716
170  835
170  906
170  549
170  975
170  674
170  967
171  230
171  341
171  912
171  977
171  248
171  401
172  569
172  256
172  976
172  691
172  782
172  917
172  898
173  667
173  962
173  205
173  760
173  312
173  617
174  337
174  353
174  918
174  261
174  438
174  354
174  370
175  412
175  879
175  587
176  190
176  521
176  487
176  617
176  370
176  509
177  189
177  940
177  636
177  662
178  219
178  705
178  979
178  749
178  347
179  280
179  957
180  619
180  210
181  356
181  751
181  771
182  905
182  192
182  741
182  968
182  198
183  733
183  621
184  466
184  511
185  229
185  894
186  862
186  243
186  797
186  428
186  757
186  859
187  378
187  747
187  303
187  879
188  542
188  671
188  558
188  607
188  720
189  629
189  485
190  818
190  217
190  761
190  928
190  390
190  233
190  277
191  337
191  333
191  414
191  462
192  837
192  355
192  412
192  964
193  981
193  229
193  799
193  261
193  865
194  216
194  438
194  498
194  611
194  604
194  681
194  688
195  615
195  710
195  268
195  582
195  934
195  426
196  641
196  224
196  378
196  601
196  874
197  630
197  242
197  663
197  619
197  963
198  341
199  250
199  779
200  873
200  305
201  998
201  396
201  884
202  989
203  560
203  899
203  725
203  213
203  407
203  721
204  410
204  775
204  784
204  512
205  280
205  470
205  283
206  717
206  722
206  296
206  764
206  512
206  907
207  260
207  499
207  519
207  385
207  395
208  324
208  898
208  365
208  329
208  778
208  333
208  345
208  294
209  513
209  879
209  717
209  568
209  322
209  825
209  679
210  522
210  451
210  320
210  418
211  867
211  789
211  348
211  786
211  581
211  318
211  969
212  293
212  245
212  452
212  304
212  658
213  810
213  355
213  215
213  995
214  316
214  760
214  651
214  776
214  927
214  711
214  730
215  642
215  845
215  822
215  272
216  336
216  970
216  607
216  868
217  865
217  740
217  814
217  412
217  873
217  700
218  824
218  620
218  330
219  308
219  430
219  555
220  567
220  600
220  538
220  477
220  699
221  352
221  961
221  880
221  468
221  844
221  599
222  223
222  439
222  289
222  499
222  734
222  797
224  355
224  604
225  309
225  325
225  758
225  254
226  516
227  673
227  577
227  775
227  328
227  795
228  594
228  639
229  796
230  446
230  448
230  519
230  803
230  347
231  344
231  879
231  808
231  559
231  487
231  695
231  899
232  349
232  809
232  481
232  444
232  531
232  967
233  917
233  693
233  818
233  400
235  906
235  525
235  593
235  803
235  338
235  570
235  556
236  373
236  803
236  568
236  780
236  619
236  242
237  409
237  871
237  376
237  818
237  707
237  669
237  450
237  993
237  364
238  495
238  973
238  364
238  744
238  539
238  358
239  424
239  858
239  581
239  733
239  728
240  426
240  851
240  848
240  619
240  273
241  301
241  663
241  823
241  492
241  882
241  768
242  350
242  828
242  943
242  437
243  635
243  830
243  527
243  434
244  302
244  539
244  911
244  824
244  316
244  531
244  826
245  926
245  509
245  254
245  821
245  657
245  555
246  819
246  781
246  940
246  554
246  828
247  673
248  681
248  390
248  329
248  328
249  495
249  265
249  972
249  711
249  802
250  533
250  345
250  424
250  391
251  540
251  352
251  471
251  344
252  378
252  397
252  614
253  707
253  367
254  791
254  278
255  263
255  347
255  367
256  333
256  529
256  814
256  463
257  922
257  962
257  653
257  475
258  304
258  656
258  665
258  722
259  727
259  327
259  364
259  326
260  681
260  641
260  310
260  552
260  792
260  938
261  590
261  925
261  808
261  610
261  312
261  427
262  302
262  305
262  593
262  352
262  578
263  836
263  508
263  687
263  877
264  410
264  780
264  814
265  990
265  336
265  653
266  918
266  454
266  744
266  946
267  606
267  715
267  465
268  638
268  395
268  671
268  709
268  835
269  753
269  849
269  406
270  429
270  831
270  423
270  557
271  981
271  643
271  837
271  819
272  660
272  562
272  549
272  834
273  622
274  464
274  393
274  457
274  488
275  558
275  908
275  728
275  996
276  443
276  811
276  585
276  546
276  412
276  820
277  456
277  503
277  383
278  659
278  462
278  527
279  473
279  612
279  466
279  705
279  802
280  823
280  796
280  416
280  418
281  903
281  936
281  459
281  327
281  840
282  479
282  662
282  405
282  371
282  368
282  733
282  508
283  586
283  590
283  664
283  942
283  919
283  416
283  665
284  709
284  726
284  600
285  468
285  693
285  836
285  722
285  874
285  438
285  330
285  964
285  946
286  975
287  582
287  603
287  420
287  467
287  295
288  686
288  714
289  359
289  713
289  654
289  896
289  871
289  392
289  911
289  984
289  938
290  793
290  958
290  507
290  864
291  310
291  813
291  568
291  305
291  366
291  769
291  487
291  582
292  347
292  463
292  519
292  311
292  536
292  898
293  514
293  800
293  977
293  648
293  766
294  948
294  449
294  681
294  617
294  816
294  962
295  520
295  865
296  536
296  444
296  374
296  628
297  584
297  879
298  491
299  986
299  698
299  433
299  661
299  377
299  480
299  994
300  798
300  502
300  517
300  610
300  678
301  532
301  358
301  742
301  481
301  623
302  720
302  467
302  562
303  538
303  724
304  672
304  677
304  699
305  677
305  400
305  396
305  868
305  525
305  493
305  645
306  460
306  332
306  745
306  377
307  727
307  809
308  970
308  692
309  972
309  325
310  955
310  829
310  317
311  955
311  741
311  511
311  417
311  895
311  867
311  606
311  680
312  375
312  736
312  837
312  911
312  825
312  822
312  541
313  582
313  584
313  439
313  907
314  729
314  860
314  913
315  427
315  930
315  907
315  640
315  545
315  734
316  519
316  384
316  514
316  548
317  799
317  789
318  830
318  732
318  386
318  943
319  960
319  553
319  873
319  328
320  974
320  394
320  745
320  848
320  730
320  936
320  471
320  433
321  521
321  563
321  483
322  427
322  371
322  954
322  507
322  819
323  459
323  841
323  838
324  335
324  605
325  880
325  638
325  900
326  769
326  616
326  642
326  381
327  335
328  330
328  541
329  969
329  621
329  348
329  358
329  940
330  698
330  606
330  723
330  394
330  585
331  954
331  846
331  461
332  634
332  934
333  409
333  422
333  480
333  391
333  532
333  380
334  491
334  517
334  933
335  985
335  553
336  388
337  853
337  846
337  833
337  985
337  819
337  400
338  437
338  345
338  664
339  990
339  894
339  371
339  679
339  528
339  857
339  629
340  374
340  972
342  396
342  924
342  469
343  928
343  540
343  661
343  657
343  539
344  964
344  789
344  369
344  896
345  995
345  574
345  630
345  873
345  632
346  946
346  750
346  606
346  775
347  914
347  666
348  816
348  594
348  684
348  887
348  389
349  828
349  594
349  374
349  867
349  610
350  648
350  912
351  578
351  663
352  759
352  790
352  516
352  795
352  519
352  638
352  417
353  371
353  847
353  698
353  870
353  992
354  485
354  577
355  483
355  755
356  673
356  387
356  405
357  897
357  894
357  812
357  708
357  657
357  570
358  450
358  886
358  892
358  782
359  505
359  948
359  660
359  969
360  931
360  865
360  688
360  943
360  921
360  457
361  772
361  736
362  538
362  941
362  959
363  510
363  883
363  546
364  430
364  527
364  876
364  553
365  707
365  606
365  720
365  669
365  916
365  576
366  832
366  627
366  537
366  737
367  539
367  454
367  501
368  593
368  812
368  504
369  467
369  640
370  671
370  895
370  521
370  819
371  650
371  474
371  940
372  752
372  964
372  986
372  988
372  828
372  599
372  653
373  420
373  625
373  854
373  684
374  758
374  503
375  856
375  743
375  783
375  722
375  380
376  401
376  620
376  532
376  761
377  429
377  878
377  470
377  647
377  818
377  781
378  507
378  583
378  759
379  833
379  793
379  477
380  546
380  731
380  703
380  544
380  813
381  705
381  825
381  774
381  697
381  543
382  995
382  579
382  606
382  524
382  602
382  823
382  739
383  817
383  667
383  497
383  431
383  676
384  423
384  432
384  572
384  550
384  512
384  403
384  519
385  999
385  766
385  574
385  511
386  544
386  566
386  928
386  982
387  835
387  431
387  926
387  887
388  582
388  458
388  598
389  680
389  733
389  422
389  607
389  985
389  782
389  888
389  924
389  412
389  521
390  551
390  681
390  596
390  598
391  977
391  705
392  819
392  542
392  943
392  707
392  852
392  507
392  628
392  764
392  795
393  692
393  418
393  505
393  868
393  831
394  676
394  678
394  512
394  595
395  831
395  528
395  805
396  726
396  422
396  450
397  987
397  500
397  742
398  722
398  882
398  553
398  913
399  771
399  859
400  451
400  408
400  882
401  678
401  794
401  799
402  779
402  970
402  873
402  646
402  520
402  987
402  543
403  806
403  464
403  921
403  510
404  417
404  524
404  770
404  598
405  853
405  801
405  487
405  428
405  726
405  838
405  526
406  749
407  857
407  680
407  517
407  444
408  572
408  517
409  953
409  458
409  767
409  723
410  698
410  452
410  580
411  878
411  848
411  830
411  686
411  970
412  505
412  751
412  726
413  852
413  505
413  452
414  973
414  443
414  778
414  430
416  713
416  945
417  757
417  452
417  797
417  601
417  967
418  585
418  530
418  514
419  482
419  832
419  847
419  887
419  853
419  919
420  872
420  906
421  496
421  609
422  733
422  661
422  559
422  651
422  506
422  546
422  906
423  522
424  501
424  985
424  700
424  910
425  823
426  479
426  887
427  828
427  710
427  906
427  431
427  563
427  489
427  766
428  828
428  533
428  717
428  539
429  823
429  962
429  902
430  598
431  539
431  819
431  701
431  978
432  770
432  471
432  950
432  864
432  629
433  838
433  610
433  780
433  570
433  774
433  746
434  488
434  918
434  880
434  712
435  945
435  636
435  482
435  579
436  896
436  554
437  744
438  766
438  987
438  485
438  707
438  885
438  599
439  984
439  849
439  812
439  550
439  874
439  789
439  907
440  768
440  470
440  687
441  449
442  502
442  800
443  631
443  605
443  888
444  707
444  908
444  767
444  734
445  802
445  988
445  555
446  817
446  546
446  794
446  630
446  602
446  456
447  947
447  501
447  768
448  514
448  864
448  530
449  981
449  586
449  687
449  964
449  611
450  991
450  917
450  508
450  649
450  792
450  801
451  547
451  938
451  536
452  926
452  939
452  870
452  859
452  801
452  514
452  471
453  889
453  560
453  713
453  759
454  931
454  598
454  911
456  938
457  903
457  919
457  820
457  925
457  574
457  698
458  753
458  637
458  560
458  531
458  471
459  777
459  528
459  939
459  987
459  983
460  858
460  920
461  949
461  725
461  624
462  464
462  527
462  997
462  616
463  826
464  685
464  495
464  784
465  732
465  778
466  505
466  573
466  593
466  706
466  955
466  821
467  737
467  655
467  489
467  905
467  804
467  759
468  657
468  819
468  683
468  562
470  490
470  578
471  857
471  792
471  852
471  897
471  847
472  499
472  683
472  497
473  998
473  492
473  845
473  792
473  586
473  767
474  501
474  965
475  791
475  788
475  971
476  566
476  760
476  950
477  785
478  958
478  632
479  504
480  825
480  538
480  733
480  553
481  483
481  771
481  513
481  775
481  609
483  605
483  533
483  526
483  698
484  594
485  978
485  928
485  720
486  783
486  523
486  705
486  949
486  716
486  972
487  882
487  608
488  985
488  788
488  732
489  602
489  781
489  836
489  865
489  820
489  763
491  550
491  606
491  897
491  878
491  963
492  622
492  869
492  559
493  921
493  608
493  576
493  926
494  685
494  818
494  635
494  653
494  711
494  878
494  913
495  927
495  966
495  628
496  826
496  641
496  847
496  583
496  710
496  655
496  819
498  525
498  548
498  510
498  903
498  925
499  994
500  650
502  608
503  560
503  759
503  774
503  818
503  686
505  825
505  766
506  623
506  891
506  925
506  686
507  520
507  597
507  618
508  902
508  814
509  868
510  543
511  966
511  820
511  888
512  514
512  823
512  977
512  882
512  625
513  725
513  911
513  978
514  680
514  519
514  821
514  824
514  975
515  808
515  645
515  986
516  752
516  847
517  879
517  583
518  540
519  536
519  726
519  809
519  692
520  870
520  911
520  665
521  574
521  649
521  619
521  720
522  656
522  575
523  805
523  544
523  877
524  858
524  694
525  970
525  633
525  678
525  617
525  610
525  688
525  839
525  752
526  871
526  905
526  559
526  734
526  758
526  824
527  552
527  651
527  994
528  840
529  854
529  961
530  966
531  656
532  973
532  924
533  593
533  559
534  785
534  739
534  729
534  656
535  812
535  905
536  920
536  953
536  844
537  727
537  701
538  550
538  966
539  763
539  609
539  995
539  911
539  543
540  810
540  698
540  836
543  771
543  680
543  989
543  570
544  964
544  792
544  719
544  920
545  645
545  655
545  798
546  946
546  931
547  762
547  736
547  718
548  957
548  913
549  884
549  921
549  746
550  607
550  625
550  683
550  995
551  799
551  625
551  821
551  942
552  667
552  948
552  961
552  874
552  786
553  996
553  888
553  865
554  942
554  822
555  940
556  675
556  862
557  776
557  572
557  909
557  791
558  760
558  582
558  755
558  575
558  893
559  733
559  972
559  904
559  665
560  903
560  838
560  748
561  711
561  894
562  638
562  565
562  974
562  848
563  720
563  929
563  679
563  653
563  801
564  876
564  584
564  838
565  647
565  995
565  711
566  677
566  918
566  960
567  982
567  935
567  660
567  719
567  936
567  925
568  648
568  929
568  611
569  829
570  919
571  707
571  976
572  638
572  808
572  706
573  583
573  974
573  630
574  671
574  957
574  599
575  584
576  629
576  701
576  896
576  580
577  815
577  862
577  691
578  780
578  642
579  684
579  603
580  662
580  715
580  716
581  742
581  952
581  764
582  817
582  787
583  677
584  595
584  816
584  588
585  590
585  963
588  899
588  840
588  714
588  670
589  652
590  955
590  957
590  643
590  706
590  792
590  960
590  720
591  855
591  787
592  990
592  947
592  854
593  974
595  780
595  641
596  955
596  895
597  929
598  716
598  978
598  775
598  797
599  758
599  741
600  844
600  666
601  666
601  699
602  770
602  903
603  728
603  855
604  860
606  653
606  644
606  616
606  723
607  650
607  754
607  926
608  845
609  835
609  863
610  967
610  782
610  823
610  811
611  644
612  990
612  729
612  657
613  801
613  628
613  904
613  842
614  748
614  944
614  724
614  684
614  742
615  855
616  960
616  643
616  897
617  753
617  734
617  623
617  807
618  754
618  761
618  667
619  819
619  678
620  651
622  866
623  968
623  918
624  657
624  951
624  789
624  899
625  628
625  774
625  876
627  746
627  983
628  690
628  924
629  819
629  969
630  936
631  813
633  809
633  840
633  943
633  974
636  836
636  911
639  640
639  828
639  754
640  717
640  962
640  944
640  774
641  819
642  906
643  661
643  746
643  859
644  790
645  968
645  904
645  756
645  838
646  654
647  889
648  817
648  694
649  880
649  786
649  764
650  853
650  934
651  974
651  803
651  924
654  818
654  801
655  810
655  838
655  857
655  827
656  865
658  730
659  875
659  930
659  941
661  707
662  724
662  949
663  742
663  811
663  719
663  980
663  800
664  956
664  895
668  691
669  731
669  903
670  835
670  893
671  942
671  959
671  994
672  709
672  756
672  944
673  913
674  710
674  915
676  811
677  989
678  784
679  781
679  834
680  847
680  697
681  799
681  805
681  770
682  904
682  993
683  978
684  963
685  714
686  730
687  994
687  962
687  741
688  967
688  854
688  983
688  884
689  910
689  718
690  878
690  941
691  863
691  988
692  824
692  946
692  919
693  723
693  757
693  777
693  798
694  964
694  781
694  816
695  863
695  748
696  737
696  872
696  850
697  955
697  951
698  719
698  894
699  942
699  710
699  887
700  732
701  718
701  944
701  737
702  960
702  741
703  953
704  777
705  986
705  981
705  828
705  764
706  896
706  964
706  978
707  974
707  904
708  728
708  746
711  807
712  755
712  790
713  823
713  955
714  908
716  973
716  819
716  802
717  756
717  770
719  815
719  960
719  760
720  974
720  879
720  858
720  908
721  788
721  989
721  857
721  757
722  792
722  852
722  964
722  970
722  820
723  897
723  741
723  969
723  858
724  972
724  727
725  766
725  816
725  740
726  839
727  990
730  926
731  947
732  866
732  782
732  923
732  823
732  948
733  906
733  823
734  846
734  865
734  925
734  758
734  811
734  853
735  929
736  891
737  923
737  809
737  968
739  818
740  823
740  895
741  942
742  766
745  984
745  878
747  968
747  892
748  954
748  919
748  818
748  882
748  894
749  995
749  778
752  873
753  852
753  886
753  996
754  954
755  980
756  988
757  759
758  886
759  865
759  805
759  820
762  908
762  950
763  975
765  822
765  852
767  955
770  919
771  988
774  926
774  825
775  827
777  815
777  890
778  851
779  812
779  842
780  922
782  808
782  846
782  957
782  986
782  784
783  888
783  923
784  968
785  850
786  787
789  808
789  932
790  906
791  804
791  834
791  929
792  833
793  958
794  862
794  869
795  996
795  812
796  875
797  980
797  995
799  839
800  894
800  989
802  809
802  824
803  819
803  885
803  962
804  843
804  856
805  928
806  856
807  852
807  907
807  925
807  917
809  939
811  967
811  818
811  898
813  884
814  840
816  852
816  892
818  826
818  939
819  869
819  870
819  982
820  930
822  890
823  865
823  935
825  927
826  848
826  861
828  833
829  943
831  965
832  858
833  841
833  923
834  992
836  951
838  975
838  926
839  914
839  986
841  912
842  929
842  967
842  938
842  960
849  947
851  866
854  872
854  877
859  862
865  969
867  981
869  982
870  918
870  896
870  907
871  965
872  992
874  889
876  885
876  946
877  978
877  972
882  965
882  949
882  978
882  958
882  995
882  952
886  905
886  960
888  942
891  993
894  954
896  976
896  992
897  974
897  918
898  998
899  966
902  985
903  918
905  956
907  980
911  978
912  919
912  958
912  996
913  994
914  939
914  923
919  957
919  968
921  987
921  978
923  986
923  942
925  929
925  977
927  952
929  988
931  999
932  996
934  977
937  950
938  971
939  941
940  953
942  970
943  960
943  983
943  981
946  948
946  967
948  981
949  968
953  987
954  996
954  987
963  993
967  998
970  977
970  976
973  996
981  987
988  994
