0  127
0  773
1  254
1  908
1  478
1  391
1  945
2  189
2  355
2  578
2  339
2  831
2  351
3  150
3  438
3  484
3  398
3  490
3  711
3  100
4  525
4  571
4  862
4  144
4  498
4  582
4  560
4  184
5  824
5  227
5  98
5  828
5  745
6  741
6  874
6  162
6  217
7  583
7  133
7  92
7  489
7  446
7  460
7  377
8  284
8  446
8  352
8  606
8  630
8  85
9  639
9  15
9  212
9  819
9  708
9  140
9  488
9  774
9  49
10  707
10  766
11  530
11  741
11  103
11  346
11  867
11  18
11  787
12  199
12  210
12  55
12  156
12  434
13  437
13  84
13  934
13  775
14  769
14  684
14  112
14  895
14  954
15  831
15  968
15  77
15  812
15  949
15  47
15  19
16  567
16  457
16  751
16  564
16  42
16  23
16  752
16  125
16  580
17  45
17  532
18  584
18  533
18  522
19  642
19  787
19  273
19  407
19  691
19  347
19  999
19  680
19  879
20  440
20  544
20  273
20  828
20  219
20  473
20  935
20  560
20  104
20  291
21  643
21  535
21  526
22  988
22  101
22  370
22  690
23  395
23  291
23  863
23  633
23  180
23  413
24  67
24  624
24  973
25  846
25  739
26  807
26  472
26  611
26  723
27  274
27  41
27  357
27  376
27  986
28  142
28  55
28  907
28  591
28  722
29  780
29  438
29  434
29  963
30  358
30  505
30  359
31  612
31  228
31  236
31  59
31  133
31  639
31  672
31  534
31  117
31  706
31  889
31  656
32  942
32  575
32  843
33  402
33  96
33  728
33  577
33  842
33  108
33  775
34  190
34  955
34  205
34  721
34  936
35  930
35  633
35  301
35  828
35  888
35  394
35  923
36  380
36  228
36  58
36  387
36  186
37  455
37  710
37  77
37  585
38  707
38  85
38  915
38  231
38  560
38  196
38  912
39  272
39  731
39  310
39  881
39  659
39  719
40  621
40  156
40  524
40  457
40  264
40  853
40  357
41  591
41  153
41  321
41  788
41  110
41  984
41  359
42  660
42  300
42  45
42  477
42  286
43  170
43  679
43  522
44  728
44  729
44  745
44  806
44  945
44  670
44  709
44  923
45  497
45  574
45  163
45  474
45  493
45  637
45  754
46  810
46  323
46  443
46  271
46  82
46  822
46  254
47  814
47  687
47  904
47  325
47  226
47  486
47  507
47  651
47  910
48  914
48  722
48  607
48  919
48  206
48  683
49  321
49  855
49  951
50  616
51  405
51  793
52  305
52  996
52  621
52  500
52  936
52  123
52  512
53  236
53  762
53  900
53  830
53  927
53  986
54  737
54  579
54  172
55  657
55  651
55  266
56  652
56  877
56  875
56  540
56  90
56  610
56  271
57  768
57  484
57  124
57  90
57  945
57  110
57  893
57  616
58  654
58  609
58  339
58  897
58  975
58  701
59  274
59  441
59  321
59  466
59  323
59  603
59  572
59  246
60  499
60  191
60  508
60  736
60  749
60  684
60  319
60  117
61  487
61  475
61  91
61  748
61  744
61  919
61  528
62  99
62  100
62  517
62  471
62  572
62  978
62  526
62  809
62  674
63  873
63  969
63  437
63  155
63  466
63  271
63  344
63  858
63  207
63  208
63  768
63  370
63  386
64  250
64  724
64  775
64  386
64  740
64  572
64  70
64  671
65  966
65  154
65  416
65  406
65  166
65  572
65  991
65  988
65  512
66  549
66  760
66  428
66  488
66  393
66  96
67  822
67  88
67  752
67  256
67  767
67  422
67  843
68  685
68  638
68  851
68  734
68  190
68  767
68  106
68  888
68  526
69  930
70  763
70  472
70  691
70  466
70  509
70  526
70  434
71  633
71  955
71  254
72  603
73  376
73  948
73  620
73  856
73  983
73  380
74  990
74  787
74  632
74  788
74  670
74  737
75  252
75  494
75  139
75  303
76  647
76  342
76  208
76  699
77  370
77  537
77  336
78  567
78  487
78  749
78  376
78  506
78  621
79  311
79  173
79  462
79  93
79  992
79  620
79  773
80  840
80  706
80  803
80  218
80  318
81  796
81  410
81  235
81  299
81  562
81  247
82  844
82  855
82  414
82  558
82  819
82  958
83  321
83  691
83  938
83  904
83  753
83  738
83  456
84  895
84  265
84  625
84  408
84  384
84  589
84  770
84  998
85  652
85  814
86  331
86  652
86  633
86  807
86  119
86  230
87  138
87  150
87  789
87  573
87  314
87  494
87  619
87  782
87  367
88  866
88  141
88  939
88  580
88  896
89  309
89  769
89  959
90  145
90  985
90  685
90  297
91  389
91  100
91  828
91  796
91  430
91  653
91  957
91  142
91  200
92  908
92  889
92  421
92  467
92  712
93  675
93  832
93  246
93  486
93  244
94  207
94  230
94  921
94  353
94  600
94  719
94  980
94  135
95  858
95  849
95  540
96  931
96  105
96  973
96  219
96  628
96  551
96  538
96  455
97  623
97  269
97  496
97  803
98  463
98  851
99  412
99  776
100  369
100  889
100  380
100  455
100  565
101  793
102  436
102  237
102  712
102  402
103  635
103  165
103  410
103  583
104  180
104  397
104  514
104  451
104  614
104  874
104  948
104  310
105  109
105  438
105  266
105  686
106  290
106  954
107  748
107  848
107  388
107  716
107  692
107  437
107  449
107  641
107  286
108  219
108  541
108  806
108  889
108  421
108  964
108  138
108  244
108  825
108  299
108  338
108  262
109  834
109  552
109  582
109  677
109  345
109  135
109  122
110  435
110  561
110  614
111  683
111  203
111  756
112  815
112  468
112  260
112  935
112  210
112  693
112  478
112  567
112  243
112  712
113  223
113  827
113  529
113  545
113  718
114  558
114  823
115  530
115  155
115  870
115  417
115  308
116  348
116  164
116  381
116  929
116  182
116  489
116  808
116  837
116  887
116  539
116  393
117  796
117  852
117  467
117  250
117  142
117  584
118  692
118  439
118  452
118  538
118  513
119  308
119  701
119  304
119  260
119  386
119  866
119  356
120  469
120  982
120  993
120  825
120  561
120  985
120  932
120  790
120  238
120  353
120  511
120  522
121  544
121  453
121  592
121  843
121  761
122  269
122  172
122  906
122  442
122  738
123  190
123  277
123  172
123  546
123  510
123  659
124  428
124  998
124  832
124  426
124  268
124  172
124  635
124  496
124  717
124  374
125  610
125  649
125  885
125  707
125  560
125  153
125  387
125  908
125  889
126  337
126  740
126  764
126  636
126  670
126  362
126  265
126  482
126  815
127  891
127  286
127  505
128  328
128  682
129  551
129  276
129  549
129  771
129  805
129  638
130  436
130  468
130  299
130  588
130  685
130  416
132  924
132  728
132  513
132  291
133  379
133  970
133  155
133  741
133  871
134  467
134  695
134  242
134  692
134  974
134  738
134  366
135  595
135  647
135  708
135  810
135  954
136  179
136  260
136  652
136  802
136  203
136  432
136  366
137  405
137  722
137  204
138  976
138  889
138  700
138  729
138  821
138  621
139  496
139  346
139  302
139  383
139  677
140  235
141  923
141  730
142  801
142  311
142  237
142  425
142  533
142  302
143  275
143  201
143  604
143  619
143  544
143  229
144  188
144  630
144  540
144  317
144  487
145  719
145  359
145  742
145  311
145  237
145  179
145  911
145  408
145  739
146  731
146  718
146  464
146  857
147  333
147  901
147  203
147  483
148  546
148  484
148  878
148  903
148  194
149  569
149  793
149  404
149  265
149  911
149  717
150  745
150  562
150  284
150  350
151  665
151  578
151  964
152  738
152  198
152  818
153  995
153  446
154  246
154  200
154  283
154  529
154  455
154  996
154  635
155  444
155  395
155  960
155  935
155  400
156  169
156  514
156  204
156  580
156  858
157  371
157  817
157  970
158  523
158  298
158  415
158  806
158  287
158  290
158  208
158  573
159  979
159  752
159  612
159  172
159  169
159  718
159  821
160  913
160  915
160  216
160  791
161  941
161  867
161  723
161  972
162  797
162  603
162  471
162  187
162  232
162  415
163  361
163  914
163  488
164  584
164  781
165  577
165  735
165  734
165  508
166  447
166  233
166  836
166  175
166  848
166  750
167  312
167  487
167  464
167  964
167  257
167  734
167  820
168  875
168  981
168  482
169  506
169  984
169  325
169  354
169  261
169  776
169  613
169  806
169  952
170  369
170  584
170  656
170  300
170  386
170  911
170  339
170  693
171  367
171  643
171  521
171  331
171  977
171  361
172  578
172  744
173  485
173  297
173  583
173  368
174  602
174  373
174  797
174  631
174  629
174  201
175  425
175  407
175  326
175  826
175  273
175  877
176  432
176  461
176  479
176  962
177  412
177  571
177  190
178  936
178  215
178  522
178  521
178  596
179  454
179  418
179  512
179  718
179  536
179  676
180  385
180  294
180  493
180  796
180  732
180  503
180  314
180  189
180  529
180  697
180  470
180  496
181  593
181  565
181  222
181  831
181  423
182  602
182  385
182  417
182  833
182  762
182  605
182  632
183  405
183  369
184  804
184  823
184  859
184  267
186  682
186  601
186  893
187  795
187  292
187  692
187  385
187  507
188  974
188  721
188  478
188  284
188  707
188  764
189  231
189  816
189  299
189  682
189  792
189  537
189  840
190  220
190  663
190  562
190  552
190  847
190  593
191  888
191  992
191  811
191  384
191  459
191  389
191  516
192  333
192  719
192  724
193  272
193  945
193  520
194  317
194  198
194  319
194  383
195  359
195  698
195  913
195  649
195  559
196  651
196  702
196  390
196  747
196  708
196  738
197  648
197  678
197  435
197  948
197  302
197  207
197  786
197  664
198  446
198  264
199  484
199  206
200  285
200  270
201  342
202  508
203  205
203  443
203  282
203  369
203  328
203  856
204  607
204  530
204  422
204  940
204  712
204  458
204  951
204  285
205  354
205  631
205  590
206  982
207  813
207  350
207  912
208  853
208  284
208  645
208  621
208  951
208  793
208  673
208  966
208  279
209  701
209  417
209  710
209  700
209  927
209  609
209  796
209  974
209  642
210  376
210  410
210  415
210  721
210  987
210  359
210  446
210  287
211  829
211  623
211  546
211  374
212  989
212  570
212  929
212  495
212  432
212  575
213  371
213  594
213  296
213  225
214  436
214  786
214  586
214  344
214  873
215  858
215  280
216  799
216  892
216  938
216  603
216  722
216  841
216  625
216  647
217  244
217  574
217  515
217  896
217  991
217  349
217  691
217  534
217  890
219  236
219  679
219  879
220  287
220  589
220  773
220  778
220  683
220  734
220  663
221  826
221  388
221  773
221  622
221  439
221  930
222  439
222  625
222  633
222  433
222  350
222  361
222  355
222  982
223  776
223  966
223  771
223  240
224  316
224  475
224  728
224  410
225  841
225  869
226  556
226  360
226  256
226  831
226  758
226  312
226  874
226  551
226  961
227  523
227  971
227  287
227  944
227  702
228  568
228  773
228  278
228  699
229  509
229  799
230  691
230  633
230  661
230  399
230  231
231  758
231  648
231  949
231  357
231  297
231  389
231  719
231  654
232  475
232  969
233  337
233  584
233  777
233  922
233  903
234  360
234  465
234  243
234  629
234  394
234  604
234  697
235  570
235  780
235  968
235  403
235  814
235  449
236  732
236  999
237  716
237  990
237  378
238  932
238  787
238  291
238  653
238  465
239  498
239  951
239  434
240  532
240  339
240  677
241  963
241  709
241  875
241  984
242  289
242  721
242  433
243  515
243  426
243  710
243  667
244  894
244  968
244  771
244  773
244  338
245  351
245  963
245  289
245  898
245  877
245  913
245  702
245  857
245  636
246  797
246  519
246  412
246  648
246  568
246  509
247  681
247  375
247  993
247  974
247  552
247  584
247  704
247  388
247  455
248  854
248  411
248  892
248  327
248  652
249  700
249  564
249  414
249  607
249  606
250  536
250  614
250  438
250  839
250  318
250  911
250  881
251  922
251  572
251  560
251  979
251  373
251  653
251  323
253  488
254  661
254  630
254  981
255  914
255  418
255  751
255  405
255  488
255  361
255  945
255  697
256  898
256  359
256  556
256  962
256  374
257  407
257  502
259  442
259  628
259  761
259  398
260  700
260  918
260  829
260  403
261  549
261  815
261  991
262  510
262  964
262  327
262  550
263  415
263  454
263  412
264  619
264  734
264  987
265  650
265  974
265  657
266  812
266  868
267  699
267  310
268  787
268  464
268  507
268  316
269  582
269  494
269  748
270  871
270  335
270  274
270  667
270  630
271  741
271  990
271  817
271  762
271  300
272  596
272  792
272  438
272  819
272  987
272  518
273  365
273  349
273  581
273  945
273  331
274  516
274  520
274  528
274  494
274  910
275  465
275  602
275  324
276  385
277  533
277  781
277  360
277  526
277  363
278  752
278  382
278  929
278  352
279  411
279  453
280  592
280  497
280  840
281  803
281  414
281  665
281  690
281  486
281  418
282  431
282  545
282  441
283  504
283  357
283  543
283  730
283  652
284  400
284  656
284  834
284  912
285  388
285  613
285  417
286  535
286  686
286  438
286  574
286  689
286  411
286  493
287  427
287  520
287  417
287  709
287  390
287  510
288  462
288  835
288  640
288  317
288  537
288  437
288  628
288  343
288  367
289  915
289  420
289  935
289  607
289  936
289  640
289  534
290  867
290  918
290  845
291  640
292  787
292  696
292  660
292  539
292  464
292  993
292  859
292  293
293  298
293  845
293  641
293  651
294  645
294  863
294  689
295  992
295  493
295  853
296  727
296  366
296  798
296  673
297  884
297  818
297  811
297  933
297  787
298  304
298  305
298  755
298  629
299  451
299  968
299  501
300  572
300  772
300  643
301  977
301  832
302  845
302  649
302  344
302  717
303  748
303  444
303  405
303  676
304  887
304  678
304  722
305  691
305  581
305  917
305  430
305  894
305  514
305  863
306  541
306  941
306  995
306  699
306  631
306  607
307  994
307  343
307  626
307  785
307  592
307  331
308  652
308  535
308  450
308  511
309  913
310  969
311  574
311  569
311  340
311  556
311  572
312  381
312  485
312  780
312  322
312  756
312  386
312  767
313  462
313  522
313  910
315  731
315  804
315  617
316  646
317  382
317  905
317  439
317  981
317  783
317  420
317  955
317  701
318  765
318  479
318  770
318  468
318  586
318  828
319  446
319  601
319  551
319  800
319  764
320  454
320  671
321  366
321  898
321  514
322  845
322  767
322  387
323  448
323  817
323  704
323  775
323  668
323  738
324  394
324  861
324  401
324  959
324  433
324  340
324  348
324  666
324  572
325  968
325  917
325  536
325  762
325  945
325  387
326  370
326  686
326  364
326  695
326  485
327  837
327  759
327  447
327  342
327  769
327  782
328  411
328  560
328  380
328  969
328  752
329  850
329  400
329  968
329  660
329  443
329  525
329  496
330  555
330  628
330  385
330  948
330  339
331  716
331  594
331  868
331  601
332  548
332  988
332  998
332  627
332  736
334  903
334  699
335  665
335  509
335  706
335  733
336  484
336  717
337  624
338  378
338  640
338  597
338  574
338  920
338  718
339  440
339  944
339  475
339  859
340  424
340  777
340  410
341  936
341  802
342  933
342  406
342  733
343  481
343  683
343  874
344  519
344  977
345  890
345  654
346  576
346  469
346  500
346  957
346  953
346  471
347  744
347  525
347  669
347  393
348  956
348  734
348  425
348  474
348  560
348  478
348  498
348  603
349  819
349  806
349  389
349  590
349  369
349  703
350  869
350  501
350  641
350  864
350  579
351  965
351  477
351  411
351  512
351  873
351  418
351  598
352  894
352  891
352  960
352  433
352  470
352  868
353  830
353  870
353  653
353  911
353  723
354  724
354  967
354  702
354  723
354  690
354  512
355  929
355  704
355  987
355  405
355  370
355  658
356  839
356  933
356  784
356  798
357  645
357  644
357  595
357  390
357  714
358  951
358  614
358  628
358  535
358  836
358  676
358  933
359  664
359  361
359  384
359  525
360  811
360  504
360  695
360  992
360  477
361  416
361  615
361  598
361  543
362  715
362  721
363  593
363  675
363  827
363  722
363  368
363  800
363  771
364  491
364  620
364  373
365  851
365  862
365  384
366  488
366  846
366  967
366  571
366  564
366  686
366  674
367  811
367  496
367  894
368  822
368  937
368  723
368  577
369  915
369  371
369  760
369  700
369  832
370  404
370  665
370  923
371  958
372  567
372  550
372  953
373  874
373  458
373  697
374  775
374  830
374  911
374  572
375  784
376  874
377  577
377  611
377  461
378  951
378  876
378  878
378  950
378  387
378  489
378  831
378  706
378  385
378  803
379  885
379  639
379  893
379  492
379  690
379  871
379  710
380  573
381  458
381  961
382  672
382  502
382  699
382  953
382  795
382  905
383  739
383  921
384  406
384  869
384  452
384  899
384  762
384  463
384  553
384  516
385  589
386  835
386  917
386  426
387  934
388  730
388  796
388  754
389  833
389  649
389  597
389  425
389  841
389  681
390  446
390  635
390  906
391  740
391  491
391  454
391  548
391  902
392  782
392  821
393  494
393  990
393  479
394  498
394  605
394  970
395  497
396  568
396  707
397  615
397  983
397  469
397  507
397  669
397  570
398  572
398  590
398  933
398  817
399  989
400  968
400  552
401  614
401  956
401  667
401  734
402  813
403  744
403  753
403  435
403  961
404  539
404  597
404  598
404  841
404  940
404  480
404  711
405  539
405  741
405  512
405  422
406  595
406  985
406  948
406  623
406  562
406  754
406  820
407  742
407  757
407  723
408  513
408  759
408  561
408  776
408  785
408  694
409  786
409  915
409  965
409  743
409  894
410  605
410  724
410  653
410  922
410  433
410  584
410  527
412  845
412  987
412  848
413  921
414  598
414  544
414  855
414  815
415  418
415  848
415  919
415  584
415  482
415  718
415  928
416  942
416  445
416  596
416  921
416  966
417  968
417  648
417  929
417  540
417  681
417  425
418  726
418  564
418  955
418  839
418  485
418  444
418  570
419  580
419  763
419  624
420  485
421  977
422  579
422  433
423  896
423  845
423  653
424  908
424  636
424  705
424  431
425  932
425  693
425  480
425  628
425  548
425  658
426  723
426  912
426  445
426  688
428  513
429  763
429  876
429  909
429  891
429  930
430  725
430  586
430  510
430  751
431  504
432  884
432  737
432  572
432  812
433  958
433  733
433  869
434  443
434  996
435  509
435  656
435  741
435  902
436  768
436  541
437  726
437  510
437  828
438  679
438  818
439  713
439  831
439  559
439  750
439  491
439  967
440  498
440  485
440  783
441  745
441  877
441  957
441  808
442  808
442  682
442  960
442  755
442  822
442  713
443  731
443  658
444  541
444  631
444  864
445  890
445  941
445  944
445  931
446  528
446  926
447  965
447  583
447  464
447  476
447  811
447  728
447  673
448  903
448  895
448  831
448  860
449  460
449  834
449  844
450  603
450  536
450  559
451  665
451  728
451  716
451  612
452  479
452  941
452  629
452  516
452  880
452  821
453  624
453  472
454  577
454  486
454  666
454  913
455  730
456  463
456  868
456  638
456  483
456  954
457  902
457  817
457  570
457  818
457  985
458  889
459  517
460  654
460  531
461  632
461  681
461  972
462  515
462  677
462  673
463  566
463  832
464  850
464  765
464  628
464  834
465  576
465  710
465  517
465  992
466  819
467  703
468  678
468  572
468  966
468  749
468  995
469  690
469  521
470  611
470  893
470  861
471  826
471  959
471  621
471  885
471  911
471  721
471  553
472  598
472  565
473  557
473  928
473  516
474  735
474  835
475  811
475  891
476  621
476  811
476  564
477  662
477  508
477  836
478  611
478  634
478  636
478  743
478  904
478  501
480  728
480  665
480  854
481  528
481  643
481  922
481  530
481  864
482  744
482  773
482  644
482  854
482  521
482  942
483  839
483  622
483  527
483  589
483  865
484  765
484  638
484  545
485  805
485  776
485  508
486  930
486  729
487  544
487  656
487  761
487  831
487  702
487  793
487  802
488  782
488  778
488  849
489  787
490  573
491  593
491  849
491  989
491  816
492  879
492  661
492  852
492  510
493  701
493  850
494  629
494  993
494  886
494  660
494  639
494  665
495  746
496  803
496  981
497  504
497  935
498  768
498  531
498  546
499  939
499  786
500  754
500  579
500  913
500  765
501  989
501  647
501  688
502  975
503  582
503  665
503  779
503  925
504  896
504  650
504  748
504  721
504  639
505  594
506  876
506  994
506  817
506  606
506  592
507  769
507  900
507  722
507  911
508  910
509  731
509  872
509  621
510  904
510  780
510  960
510  752
510  782
510  984
511  852
511  604
511  910
511  674
511  534
511  963
511  960
512  684
512  631
512  932
513  527
514  612
515  751
516  673
516  924
516  741
516  523
517  830
517  602
517  813
517  684
517  574
517  963
517  683
517  563
518  570
518  596
518  696
518  928
520  816
520  995
520  983
521  861
521  880
521  769
521  752
522  950
522  589
522  643
522  724
522  866
523  786
523  781
523  557
524  715
524  997
524  628
524  934
525  891
526  844
526  857
526  828
526  619
526  560
527  696
527  921
528  569
528  996
528  998
529  589
529  738
529  878
530  981
530  874
530  755
530  746
530  695
530  867
531  645
532  938
532  623
532  568
532  975
533  586
534  692
534  769
534  783
535  978
535  878
535  564
535  691
536  954
536  756
536  975
536  949
537  947
537  786
537  974
537  977
538  633
538  701
538  874
538  692
539  581
540  894
541  740
541  632
541  901
541  630
542  549
542  658
542  950
542  980
543  592
543  848
544  625
544  591
545  569
545  604
545  986
545  886
546  716
546  557
547  682
547  652
548  935
548  712
549  733
549  982
549  991
550  740
551  622
552  745
552  563
552  780
552  992
552  901
553  711
553  808
554  589
554  810
555  609
555  591
556  772
557  902
557  761
557  942
558  964
558  645
558  826
559  694
559  842
559  806
559  990
560  896
560  588
560  685
560  749
561  869
561  741
561  678
561  998
562  805
563  715
564  641
565  838
565  940
565  843
565  968
566  907
566  831
566  906
566  995
567  896
568  932
569  818
569  572
569  941
570  715
571  586
571  704
571  642
572  716
573  896
573  711
573  900
573  673
574  611
574  924
574  892
574  977
574  712
574  781
575  640
576  913
576  877
576  649
576  662
577  878
577  719
577  733
578  753
578  588
578  826
579  672
579  618
579  942
580  930
581  912
581  945
582  911
582  721
582  848
583  886
583  937
583  968
584  931
584  710
584  818
584  650
585  978
585  739
585  615
585  726
586  719
587  851
587  825
587  930
588  925
588  722
588  893
588  938
588  635
589  592
589  629
590  762
590  960
591  644
591  988
591  660
593  693
593  977
593  751
594  686
594  943
594  718
594  980
595  997
595  600
595  925
596  609
596  956
596  601
596  866
596  822
597  872
597  611
598  606
598  769
598  984
599  836
599  780
600  646
600  678
601  886
601  824
602  996
602  945
602  972
603  683
604  930
605  970
605  872
605  959
606  651
607  638
607  707
608  635
609  825
609  933
611  958
612  749
612  691
612  751
612  783
613  658
613  935
613  840
614  770
615  665
615  905
616  764
616  653
616  999
616  788
617  670
618  847
618  787
618  993
620  744
621  863
623  672
624  656
624  817
625  801
625  976
626  853
627  902
628  986
628  983
628  813
629  648
630  848
630  802
630  717
631  825
633  803
633  793
634  778
634  913
635  879
635  675
635  782
636  733
636  906
636  799
637  976
637  856
637  758
638  822
639  680
640  853
640  861
641  859
642  769
642  735
642  812
643  969
643  806
643  718
644  994
644  803
644  863
644  924
645  901
645  889
645  672
645  769
646  869
647  778
648  855
648  895
649  805
650  874
651  982
651  833
651  986
651  795
652  670
652  810
653  732
653  675
653  758
654  778
654  852
654  958
654  872
655  879
655  794
656  912
656  728
656  666
656  826
657  902
657  694
658  855
658  667
658  981
659  725
659  705
659  684
660  986
660  823
662  906
662  962
662  960
664  736
664  832
664  746
664  758
664  932
665  907
665  935
665  819
665  717
665  859
665  930
665  964
665  804
665  681
667  895
667  850
668  709
668  891
669  919
669  951
671  882
671  841
671  948
671  808
672  885
672  776
672  917
673  935
674  948
674  854
674  762
674  692
674  739
676  905
677  813
679  984
679  788
679  770
679  994
681  731
681  730
682  742
683  795
683  990
684  686
685  809
685  803
685  880
685  796
685  752
686  863
687  781
687  690
688  921
688  940
688  808
689  710
690  708
691  812
691  732
691  970
692  769
692  882
693  997
694  788
694  849
695  886
695  769
697  896
697  724
698  961
699  852
699  765
700  988
702  773
702  840
702  961
703  793
703  756
703  772
704  773
705  951
706  769
706  765
707  919
707  945
707  740
707  725
707  782
708  902
709  907
710  714
710  953
711  935
712  900
715  931
715  737
716  804
716  862
717  947
718  810
718  783
718  802
719  884
719  837
720  821
720  789
722  922
723  775
723  804
723  939
723  895
724  997
724  758
724  986
725  815
727  738
727  868
727  830
729  941
730  995
730  841
730  951
730  852
731  944
731  948
732  820
732  830
733  836
733  739
734  770
734  948
735  844
735  864
735  899
738  882
738  873
739  935
740  987
740  961
741  858
741  939
742  768
742  873
743  777
743  854
744  995
745  877
745  874
746  887
746  827
746  796
748  937
749  825
750  935
750  942
752  981
752  876
753  928
754  951
755  948
755  804
756  777
758  802
759  938
762  802
762  946
763  945
765  785
765  800
765  862
765  833
766  992
766  938
766  915
767  895
768  930
769  899
770  966
771  914
773  784
773  985
774  857
774  876
775  827
775  783
775  964
776  999
777  947
778  919
779  813
780  980
781  802
781  813
782  920
783  915
783  904
784  879
784  825
784  848
786  848
787  865
788  844
788  863
788  943
789  998
791  800
791  957
792  820
792  987
793  955
794  927
795  897
798  917
799  834
800  818
800  829
800  952
803  914
804  830
805  972
808  987
808  944
808  834
812  981
813  848
813  915
814  936
814  876
815  836
815  915
816  990
818  879
818  896
819  965
820  892
821  976
821  858
822  998
822  976
824  940
824  875
825  894
827  846
827  951
830  834
830  835
832  991
832  866
833  936
834  949
837  911
838  852
839  933
841  897
842  875
842  995
843  949
844  846
846  975
847  855
847  919
847  899
848  871
851  902
851  969
852  961
857  970
858  938
861  978
862  891
862  885
863  906
863  950
866  953
866  966
867  975
868  959
868  985
871  905
871  906
873  977
876  962
880  962
880  900
880  992
882  916
883  915
885  970
887  977
888  984
892  897
892  902
894  950
894  999
895  968
895  969
896  919
898  968
899  950
904  917
904  938
904  969
906  964
907  920
908  933
911  968
914  916
914  968
915  990
918  969
919  957
920  983
922  982
924  995
928  933
929  964
929  952
939  983
942  980
943  964
943  986
945  957
947  953
955  984
964  974
970  995
979  996
981  993
