0  957
0  92
0  114
0  516
0  442
0  69
0  586
0  696
0  683
0  761
1  897
1  273
1  140
1  690
1  667
1  848
2  183
2  772
2  751
2  395
2  347
2  852
3  160
3  191
3  301
3  369
4  593
4  693
4  490
5  233
5  69
5  790
5  879
5  355
5  561
5  962
6  18
6  703
6  187
6  919
7  129
7  890
7  268
7  527
7  704
7  60
7  963
7  746
7  179
7  943
8  477
8  544
8  812
8  541
8  721
9  577
9  419
9  100
10  950
10  696
11  861
11  804
12  14
12  404
12  49
12  88
12  252
12  805
12  395
12  469
13  247
13  826
13  824
13  180
14  974
14  737
14  374
14  443
15  964
15  122
15  695
15  643
15  145
16  59
16  537
16  877
16  470
16  554
16  967
16  761
16  373
16  100
17  381
17  976
18  136
18  833
18  583
18  753
19  98
19  197
19  111
20  114
20  674
20  462
20  768
20  403
20  435
20  425
21  232
21  259
21  22
21  52
21  774
21  753
22  186
22  544
22  262
22  353
22  593
22  717
22  82
22  494
22  806
22  41
22  110
22  85
22  599
23  647
23  66
23  490
23  45
23  242
23  265
23  791
24  988
24  150
24  580
24  556
24  755
24  564
24  559
25  946
25  592
25  54
25  495
25  631
25  421
26  125
26  37
26  812
26  711
27  318
27  486
27  202
27  314
27  34
28  91
28  132
28  224
28  900
28  888
28  699
29  216
29  620
30  172
30  672
30  229
30  375
30  831
30  495
31  629
31  352
31  785
31  636
31  571
31  374
31  504
31  875
31  135
31  665
31  193
32  198
32  586
32  570
32  442
32  593
32  681
32  632
32  313
32  125
32  332
33  57
33  221
33  908
33  205
33  456
33  151
33  440
34  695
34  625
34  673
34  655
34  849
35  837
35  682
36  633
36  524
36  488
37  958
37  583
37  957
37  135
37  350
37  594
37  177
37  874
38  991
38  700
38  279
38  987
38  379
38  155
38  628
38  840
39  268
39  347
39  301
39  449
39  365
39  648
40  703
40  226
40  553
40  210
41  993
41  797
41  480
41  555
41  867
41  336
41  321
42  741
42  470
42  229
42  692
42  567
43  843
43  356
43  996
43  436
44  506
44  838
44  64
44  978
44  995
44  668
44  983
44  741
45  64
45  728
45  699
45  742
45  643
45  975
45  977
46  288
46  269
46  395
46  991
46  586
47  467
47  139
47  996
47  492
47  479
47  428
47  794
48  295
48  57
48  419
48  191
48  125
48  477
48  246
49  409
50  91
50  746
50  882
50  92
50  538
51  105
51  67
51  931
51  699
51  934
51  944
51  723
51  139
51  146
52  610
52  649
52  540
53  809
53  369
53  482
53  664
53  877
53  513
53  596
53  155
54  901
54  590
54  488
54  219
54  711
54  213
54  757
54  989
54  451
55  385
55  960
55  295
55  490
55  314
56  919
56  674
56  555
57  717
57  521
57  363
57  450
57  185
57  453
57  441
58  818
58  946
58  479
59  142
59  648
59  934
60  772
60  936
60  674
60  755
60  66
60  274
60  317
60  267
60  335
61  689
61  673
61  564
61  656
61  912
61  805
61  434
62  78
63  385
63  799
63  119
63  109
63  98
63  744
63  96
63  255
63  983
63  204
63  64
63  136
63  226
64  478
64  251
64  585
64  733
64  665
65  149
65  504
65  219
65  495
66  404
66  818
66  578
66  573
67  69
67  611
67  260
67  99
67  409
68  476
68  441
68  993
68  934
69  920
69  153
69  460
69  944
69  614
70  226
70  219
70  871
70  840
70  760
70  787
70  215
71  328
71  223
71  660
72  726
73  794
73  966
73  269
73  222
73  708
73  789
74  420
74  707
74  78
74  582
74  435
74  926
75  77
75  936
75  304
75  963
75  921
76  594
76  216
76  218
76  455
76  192
76  291
77  806
77  95
77  242
78  216
78  648
78  308
78  273
78  372
79  173
79  540
79  845
79  877
79  523
79  322
79  238
79  510
79  745
79  84
80  851
80  515
80  624
80  191
81  729
81  357
81  98
81  112
81  978
81  231
82  367
82  135
82  258
82  440
82  190
82  637
83  836
83  692
83  724
83  891
84  582
84  928
84  990
84  333
84  951
85  889
85  157
85  981
85  135
85  151
86  593
86  520
86  857
86  255
86  493
86  252
87  263
87  871
87  782
87  684
88  920
88  349
88  696
88  755
88  737
89  651
89  833
89  764
89  743
89  645
89  165
89  813
89  127
90  720
90  296
90  948
90  419
90  493
90  779
90  906
90  650
90  646
91  145
91  105
91  481
91  816
91  154
92  297
92  215
92  374
92  691
93  572
93  896
93  566
93  410
93  555
93  518
94  916
94  333
94  636
94  567
94  863
94  558
94  654
95  201
95  367
95  393
95  673
95  482
95  560
96  478
96  107
96  290
96  821
96  349
96  995
96  391
96  313
96  341
97  721
97  972
97  825
97  867
97  317
98  827
98  841
98  329
98  585
98  211
98  698
99  480
99  353
100  326
101  302
101  408
101  270
101  791
101  848
101  892
101  675
102  718
102  642
102  274
102  546
102  477
102  500
102  578
103  923
103  325
103  179
103  397
103  428
104  638
104  340
104  485
105  137
105  221
105  595
105  662
105  469
105  503
105  434
105  930
105  917
106  936
106  415
106  379
107  890
107  831
107  286
107  185
107  821
107  784
107  704
107  351
108  294
108  196
108  135
108  206
108  591
108  188
108  187
109  808
109  385
109  211
109  469
110  143
110  152
110  516
110  811
110  332
111  402
111  465
112  197
113  231
113  759
114  433
114  317
114  306
114  248
114  702
115  496
115  488
115  667
115  135
115  641
116  914
116  971
116  506
116  891
116  476
117  282
117  423
117  376
117  135
117  876
117  649
118  342
118  189
119  383
119  509
119  221
119  325
120  591
120  826
120  309
120  921
120  845
120  449
120  425
120  486
120  173
120  971
120  406
120  479
120  331
121  893
121  765
121  764
121  413
121  350
122  735
122  207
122  287
122  229
122  327
123  530
123  177
123  240
123  758
123  424
123  816
123  458
123  712
124  793
124  936
124  527
124  341
124  550
124  256
124  612
124  955
124  423
125  196
125  908
126  336
126  811
126  916
126  621
126  534
126  907
126  448
127  361
127  387
127  677
127  617
128  750
128  368
128  413
129  668
129  220
129  552
129  373
129  925
129  909
130  497
130  907
130  341
130  300
130  955
130  453
131  288
131  243
131  887
131  321
131  894
131  138
132  541
132  257
132  254
133  882
133  385
133  321
133  409
134  886
134  931
134  175
134  860
134  525
134  330
134  785
135  137
135  353
135  955
135  324
135  416
135  622
135  385
135  406
135  688
135  553
136  625
136  223
136  169
136  241
136  672
136  784
137  655
137  298
138  584
138  682
138  681
138  342
138  331
138  831
138  659
138  590
139  770
139  219
139  191
139  226
139  399
139  410
139  888
140  558
140  669
140  816
140  882
140  843
140  168
140  849
140  184
140  829
140  554
141  430
141  495
141  570
141  478
141  949
141  630
142  997
142  919
142  300
142  512
142  858
143  762
143  446
143  678
143  401
144  728
144  336
144  325
144  958
144  970
144  604
145  865
145  935
145  584
145  319
145  188
146  189
146  324
146  235
147  490
147  525
147  876
147  590
148  537
148  560
148  900
148  510
148  517
149  615
149  445
149  295
150  401
150  750
150  553
150  309
150  588
150  665
151  560
151  306
151  918
151  474
151  484
151  652
151  796
151  761
152  323
152  940
153  664
153  376
153  575
153  676
153  605
153  184
154  830
154  790
154  261
154  846
154  793
154  849
155  601
155  750
155  964
156  451
156  195
156  355
156  498
156  182
156  168
156  443
157  658
157  663
158  915
158  931
158  997
159  991
159  994
159  661
160  356
160  344
160  238
160  410
160  380
160  173
160  682
161  531
161  346
161  447
162  684
162  366
162  663
162  460
162  340
163  406
163  388
163  386
163  540
163  819
163  327
163  517
163  608
164  336
164  392
164  661
164  421
164  915
165  369
165  574
165  240
165  414
166  729
166  960
166  797
166  379
166  805
167  777
167  227
168  434
168  411
168  830
168  908
168  243
168  527
168  725
169  946
169  388
170  502
170  618
170  916
171  465
171  309
171  203
172  199
172  853
173  441
173  263
174  268
174  382
174  751
175  340
175  565
175  497
175  953
175  707
175  863
175  638
176  814
176  965
176  687
176  495
176  801
177  875
177  303
177  950
177  964
178  496
178  934
178  542
178  742
178  397
179  415
179  685
179  522
179  701
179  892
179  304
179  887
180  455
180  702
180  417
180  688
180  279
180  744
180  830
180  314
180  203
180  637
180  525
181  838
181  510
181  662
181  873
181  483
181  223
181  983
181  258
182  991
182  377
182  674
182  491
182  249
182  944
183  232
183  598
183  257
183  399
183  286
183  367
183  871
183  363
183  413
183  359
184  772
184  319
184  565
184  898
184  191
184  296
184  939
184  490
185  658
185  913
185  656
185  856
185  484
185  862
186  565
186  442
186  734
187  873
187  213
187  284
187  760
188  334
188  338
188  453
188  898
188  908
189  506
189  543
189  607
189  657
189  414
189  920
190  634
190  473
190  950
191  281
191  792
191  310
192  853
192  940
192  614
193  561
193  885
193  539
193  676
194  325
194  940
194  970
194  883
195  410
195  706
195  330
195  379
196  366
196  947
196  950
196  603
197  228
197  985
197  691
197  626
197  373
198  205
198  255
198  989
198  882
198  735
198  309
198  894
198  209
198  625
198  335
199  784
199  518
199  996
199  842
199  635
199  418
199  313
200  876
200  271
200  828
200  436
200  586
200  362
200  889
200  201
201  683
201  608
201  227
201  252
201  675
201  367
201  346
202  813
202  455
202  919
202  969
202  708
202  860
202  960
202  409
202  501
202  449
203  576
203  695
203  817
204  369
204  974
204  928
204  259
204  515
204  780
205  346
205  844
205  298
206  783
206  869
206  321
207  651
207  536
207  931
207  600
207  430
208  955
208  474
209  455
209  914
209  251
209  807
210  634
210  762
211  663
211  906
212  554
212  812
212  673
212  795
212  898
212  571
213  327
213  338
213  973
213  692
213  805
214  357
214  763
214  356
214  447
214  910
215  398
215  588
216  463
216  931
216  554
216  595
216  741
217  511
217  748
218  926
218  774
218  414
218  264
219  849
219  715
219  860
220  797
220  377
220  793
220  631
220  415
221  904
221  630
222  771
222  684
222  293
222  699
222  842
223  617
223  437
223  301
223  669
223  917
223  472
223  399
224  623
224  624
224  734
224  367
224  343
224  288
224  591
225  927
225  268
225  759
225  836
225  378
225  230
226  784
226  548
226  987
226  582
226  866
226  450
226  693
227  888
227  853
227  862
227  786
227  724
228  542
228  869
228  688
228  488
228  597
228  636
228  556
228  878
229  373
229  863
229  233
229  766
229  892
230  795
230  574
230  779
230  585
230  332
231  624
231  631
232  596
232  885
233  458
233  913
233  951
233  258
234  248
234  698
234  850
234  949
234  678
234  282
234  621
234  541
235  860
235  237
235  632
236  756
236  340
236  825
236  972
236  703
237  848
238  738
238  633
238  518
238  822
239  837
239  931
239  271
239  591
239  857
239  407
239  934
240  275
240  271
240  747
240  243
241  250
241  731
241  420
241  584
241  806
242  288
242  714
242  598
243  530
243  861
243  312
243  775
244  662
244  768
244  310
245  523
245  935
245  777
245  762
245  411
246  784
246  950
246  600
246  899
246  541
247  792
247  369
247  674
247  796
247  568
247  981
247  469
247  517
247  349
247  944
248  711
248  742
248  395
249  921
249  302
249  758
249  725
249  965
249  689
250  341
250  738
250  465
250  377
250  647
251  434
251  482
251  338
251  368
251  789
252  568
252  443
252  730
252  388
252  565
252  926
253  604
253  969
253  735
253  620
253  861
253  275
253  397
253  598
254  570
254  556
254  612
254  970
254  483
254  685
255  829
255  797
255  900
255  856
255  800
255  924
256  936
256  529
256  272
256  536
257  904
257  475
257  290
257  996
257  555
257  740
258  318
258  948
258  317
258  397
259  855
259  916
259  604
260  899
260  870
260  522
261  635
261  971
262  590
262  932
262  717
262  562
263  560
263  444
263  708
263  397
263  687
264  326
264  958
264  449
264  486
264  273
265  541
265  718
265  716
265  345
265  503
266  901
266  559
266  511
266  323
266  678
266  956
266  831
267  620
267  526
267  361
267  585
268  551
268  401
269  626
269  474
269  998
269  911
269  386
269  274
270  682
270  603
270  920
270  273
270  620
270  897
270  687
271  723
271  633
271  828
271  538
271  516
271  414
272  892
272  309
272  394
272  893
272  441
272  555
273  286
273  728
273  640
273  488
273  870
273  734
273  323
273  659
274  749
274  907
274  491
274  730
274  902
275  617
275  517
275  456
275  594
275  696
275  610
276  867
276  892
276  530
276  705
276  672
277  634
277  370
277  693
277  474
277  503
277  408
278  688
278  441
278  914
278  423
278  716
279  673
279  955
279  773
280  628
280  588
280  703
280  925
281  372
281  730
281  989
281  636
282  752
282  437
282  541
283  342
283  983
283  820
283  470
284  764
284  340
284  977
284  736
284  400
284  760
284  842
284  695
285  803
285  997
285  516
286  628
286  679
286  338
286  299
286  908
286  572
286  406
287  865
287  611
287  915
287  778
288  903
288  651
288  630
288  547
288  325
288  750
288  455
289  881
289  349
289  384
290  713
290  581
290  435
290  647
290  957
290  978
291  324
291  310
291  426
292  671
292  795
292  482
292  848
292  831
293  677
293  617
293  573
294  934
294  806
294  381
295  679
295  684
295  472
295  847
295  750
295  680
296  764
296  594
296  743
297  944
297  610
297  631
297  714
297  859
297  858
298  909
298  696
298  914
298  655
298  828
298  927
298  940
299  766
299  771
299  501
300  751
300  596
300  744
300  535
301  600
301  424
302  947
302  670
302  770
302  834
303  980
303  532
303  797
303  466
304  341
304  882
304  489
304  778
305  459
306  781
306  868
306  588
306  477
306  721
307  466
307  541
307  982
307  737
307  351
307  423
307  877
307  664
307  483
308  832
308  591
308  568
308  475
308  761
308  563
309  472
309  317
309  334
310  482
310  349
310  747
311  355
311  397
311  797
311  465
312  487
312  484
312  508
312  839
313  371
313  453
313  481
313  578
314  819
314  656
314  599
314  804
314  500
315  596
315  829
315  695
316  602
316  914
316  736
316  643
317  639
317  319
317  966
317  643
317  432
318  441
318  569
318  416
318  428
318  938
319  748
319  847
319  504
319  462
319  602
320  915
320  715
320  875
321  508
321  413
321  862
322  611
322  728
322  534
322  688
323  504
323  435
323  836
323  480
323  725
323  812
324  688
324  337
324  505
324  940
324  499
324  913
325  961
325  863
326  767
326  600
326  918
326  700
326  769
327  576
327  537
327  983
328  442
328  674
328  550
328  933
328  863
329  625
329  756
331  554
331  764
331  991
331  747
331  831
331  686
331  712
332  354
332  998
332  931
332  484
332  574
332  708
333  617
334  958
334  992
334  484
334  971
334  461
334  574
334  370
334  666
335  942
335  425
336  900
336  730
336  823
336  556
336  923
337  667
337  440
338  798
338  634
338  829
338  506
339  893
339  515
339  709
340  922
340  502
340  739
340  408
340  741
341  582
341  955
341  419
341  553
341  905
342  663
342  735
342  755
342  400
342  361
342  936
343  354
343  418
343  860
343  915
343  725
344  451
344  619
344  507
344  785
345  637
345  446
345  875
346  902
346  953
346  880
347  357
347  624
347  477
348  463
348  894
348  988
349  537
350  709
350  430
350  636
350  614
350  823
350  406
351  671
351  787
351  851
351  747
351  513
351  559
351  394
352  844
352  368
353  488
353  826
354  453
354  677
354  805
354  771
354  415
354  570
355  884
355  689
356  622
356  755
356  551
356  707
357  764
357  361
357  796
358  737
358  365
358  821
359  933
359  861
359  974
360  689
360  648
360  767
361  666
361  475
361  709
361  659
361  391
362  636
362  789
362  695
362  985
362  436
362  603
362  625
363  468
363  880
363  789
363  992
363  570
363  847
364  576
364  913
364  611
364  975
365  557
366  724
366  882
366  509
366  507
366  901
367  866
368  543
368  493
368  768
368  683
369  604
369  390
369  737
369  914
370  758
370  825
370  402
371  510
371  554
371  596
371  934
372  641
373  768
373  489
374  705
374  577
374  858
375  588
375  663
375  820
375  954
376  393
376  754
377  579
378  944
378  398
378  521
378  656
378  994
379  510
379  381
379  671
380  694
380  482
380  497
381  386
381  753
382  910
382  898
382  702
383  655
383  717
383  986
383  982
384  897
384  641
386  599
386  612
387  646
387  468
387  873
387  731
388  434
388  759
388  962
390  833
390  501
390  822
390  990
390  828
391  951
391  842
391  860
392  653
393  579
393  513
393  675
393  701
394  644
394  874
395  891
395  510
395  720
396  600
396  681
396  771
397  546
398  755
398  596
398  879
399  577
399  555
399  768
399  660
399  546
399  403
399  973
400  859
400  957
400  594
401  805
401  859
402  980
402  683
403  971
403  900
403  902
403  880
404  493
404  478
404  782
404  616
405  629
405  951
406  944
406  693
406  427
406  611
406  476
407  692
407  613
407  982
408  833
408  727
408  835
409  979
410  712
410  765
410  590
411  541
411  631
411  857
411  863
412  788
412  653
413  947
413  523
413  744
413  780
414  996
414  464
414  888
415  632
415  775
415  499
415  634
415  706
415  638
415  540
415  926
416  750
416  586
416  633
417  446
417  667
418  557
418  672
419  667
420  698
420  998
420  666
420  424
421  942
421  666
421  965
421  548
421  607
421  645
421  845
422  501
423  730
423  435
423  616
423  660
424  932
424  585
425  472
425  899
425  676
425  859
425  708
426  976
426  441
426  827
426  855
428  854
429  955
429  742
429  800
429  838
429  430
429  748
430  603
430  930
430  963
431  970
431  813
431  700
432  572
432  529
434  587
435  511
435  461
436  739
436  539
436  638
436  549
436  599
436  970
436  473
437  880
437  651
437  804
437  872
437  550
438  469
439  849
439  690
439  917
440  795
440  444
440  669
440  984
441  575
441  711
441  896
441  560
441  796
442  993
442  672
442  948
443  523
443  984
443  892
444  707
444  668
444  798
445  546
445  807
445  679
445  508
445  772
445  906
446  701
446  615
447  799
447  938
447  840
447  696
447  753
447  487
448  700
448  886
448  586
448  883
449  914
450  540
450  826
452  551
453  874
453  489
453  780
454  886
454  634
454  714
454  749
454  899
455  839
455  952
455  792
455  962
455  684
455  803
456  703
456  874
456  833
456  990
457  581
457  557
458  487
458  787
459  804
459  730
460  619
460  720
460  778
460  564
460  867
460  705
461  560
461  713
461  792
461  872
461  682
462  941
462  595
462  640
462  516
463  997
463  784
463  649
463  674
463  829
463  620
463  789
464  588
464  978
464  527
464  911
465  952
465  708
465  497
466  666
466  872
467  497
467  763
467  786
468  701
469  921
469  848
469  601
470  520
470  568
470  617
470  685
471  947
472  898
472  568
472  671
472  631
472  767
473  668
474  779
474  702
474  523
475  781
476  852
476  889
476  534
476  753
476  776
477  998
477  633
477  598
477  761
478  996
478  842
478  568
478  532
478  500
478  580
479  657
479  984
479  951
479  859
479  992
480  645
480  517
481  996
481  771
481  714
482  716
482  569
482  912
483  949
484  871
484  833
484  816
485  522
485  797
485  578
485  873
486  883
486  807
486  784
487  642
488  993
488  801
489  835
490  722
490  496
490  972
490  872
490  842
490  994
490  854
491  981
491  608
492  524
492  820
492  718
493  770
494  885
494  901
494  741
496  658
497  955
497  970
497  883
497  943
497  836
498  502
498  786
498  506
498  518
499  634
499  772
499  767
499  632
499  786
500  655
500  572
500  983
500  522
501  975
501  631
501  899
501  958
502  688
502  990
502  740
502  735
503  882
504  979
504  714
505  982
505  814
506  789
506  846
507  891
507  807
508  814
508  710
508  766
509  941
509  756
509  849
509  547
509  996
510  579
510  847
511  859
511  711
511  880
512  633
513  637
513  726
514  697
514  830
515  683
515  586
515  790
516  675
516  544
516  979
517  954
518  713
518  905
518  667
518  586
518  989
518  991
518  883
519  576
519  901
520  803
520  782
520  937
521  764
522  854
522  531
522  829
522  759
523  610
523  621
524  777
524  816
524  611
524  590
524  761
524  775
526  606
526  575
527  613
527  949
527  564
528  767
528  913
528  757
528  713
528  690
529  569
529  651
529  607
529  734
529  800
529  555
529  754
529  960
530  852
530  659
530  727
530  627
531  672
531  564
532  891
532  762
532  533
532  694
533  786
533  965
533  736
534  988
534  878
534  729
534  536
534  579
534  818
535  891
535  658
535  682
535  588
536  814
536  935
536  835
536  654
536  546
537  691
538  723
539  661
539  696
540  867
540  914
540  684
541  622
541  908
541  604
542  844
542  939
543  879
543  753
543  619
544  658
544  988
544  741
544  717
545  657
545  878
545  810
546  848
546  558
546  640
547  957
547  969
547  773
547  594
547  641
547  669
548  604
548  907
548  732
548  772
549  819
549  778
550  992
550  813
551  889
552  645
552  582
552  821
553  640
553  599
554  651
555  880
556  670
556  685
556  767
557  689
557  687
559  702
559  752
560  780
560  832
561  952
561  834
562  571
562  855
563  859
563  919
563  569
563  688
563  678
563  634
564  884
565  646
566  641
566  765
566  949
567  674
567  633
568  760
568  855
570  699
571  736
571  701
572  825
572  712
572  658
573  734
573  931
574  760
574  895
574  645
574  904
575  837
575  637
576  889
577  615
577  613
577  773
578  872
578  935
578  946
579  791
579  854
580  674
580  727
580  626
580  658
580  879
581  785
581  667
582  958
582  908
583  935
584  888
584  780
585  607
585  904
585  996
586  907
586  988
586  883
587  699
587  588
588  901
588  915
589  965
589  845
590  735
591  630
591  676
591  929
592  992
592  849
592  932
593  996
593  786
595  646
595  786
595  851
595  860
595  845
595  620
595  701
595  936
595  672
596  603
596  859
596  998
597  998
597  842
598  710
599  668
599  716
600  936
600  606
600  780
601  716
601  665
601  988
601  695
601  709
602  930
602  819
602  991
602  787
602  833
603  652
603  958
603  657
603  990
603  922
604  700
605  983
606  684
607  761
607  815
607  842
608  636
608  613
608  978
610  914
610  952
611  702
611  708
612  839
612  906
613  685
613  640
614  821
614  954
614  919
614  890
614  793
614  900
615  749
615  681
615  812
617  911
618  805
618  932
618  642
619  908
619  714
619  735
619  850
620  787
620  923
620  872
620  899
620  710
621  879
621  739
621  931
621  875
622  768
622  854
623  900
623  697
623  651
623  857
623  802
625  775
625  997
625  965
625  750
625  702
625  824
625  752
625  862
626  787
626  824
626  694
626  856
626  913
627  645
627  853
628  799
628  908
628  776
629  972
629  764
629  675
629  975
630  703
630  939
630  763
630  642
631  729
631  871
631  749
632  832
633  760
633  882
633  671
634  861
635  808
635  870
635  778
635  794
635  877
636  984
636  744
636  932
636  723
636  968
636  749
637  730
638  722
638  934
638  649
639  785
639  972
639  646
640  792
641  903
641  919
642  775
642  762
643  880
643  735
643  664
644  730
644  743
644  926
645  900
645  804
645  693
645  840
646  775
647  823
647  859
647  862
647  746
648  801
648  829
649  775
649  710
650  835
650  943
651  699
651  854
651  795
652  737
652  996
653  865
653  874
653  710
653  932
653  916
654  749
655  666
655  674
657  864
657  858
657  700
657  967
658  671
659  723
659  880
659  749
660  954
661  939
661  780
663  945
663  701
664  682
664  768
664  845
665  766
665  849
665  873
666  669
667  871
667  978
668  738
668  737
669  865
669  845
670  814
670  937
671  760
671  734
673  771
673  884
674  834
674  876
674  840
675  909
675  786
675  978
676  924
677  936
677  943
678  683
678  855
680  742
681  862
681  986
681  778
681  734
681  970
681  694
681  978
682  685
685  868
686  787
686  714
686  717
687  896
688  823
689  865
689  777
690  734
691  798
692  756
692  769
694  744
694  923
695  932
698  774
698  932
699  705
701  920
702  763
702  804
703  720
703  797
704  943
707  752
707  870
707  997
707  753
707  808
708  875
708  726
709  764
711  739
711  851
711  874
712  995
713  849
713  744
713  746
714  974
717  866
717  933
717  777
717  960
718  892
719  871
720  803
722  849
723  815
724  973
725  760
726  909
726  871
726  934
726  974
727  989
727  972
727  974
727  980
728  934
728  791
728  732
728  903
728  756
729  957
729  989
730  991
732  921
734  740
734  763
734  953
737  811
737  881
737  814
737  902
738  745
739  841
739  880
740  950
742  749
742  799
742  784
743  772
743  979
743  843
743  785
745  929
745  860
745  807
745  811
746  903
746  866
748  859
748  946
748  782
749  951
750  841
750  892
750  826
751  909
751  870
753  812
754  891
754  894
754  959
755  857
755  889
756  832
756  806
757  862
757  885
759  888
760  769
761  793
761  981
762  861
762  843
762  803
763  774
764  798
765  970
766  866
766  958
768  995
768  950
768  882
769  912
769  970
770  776
770  865
771  933
771  930
771  865
772  907
772  924
772  915
772  842
773  940
774  783
774  888
775  843
776  815
776  799
776  937
776  938
777  950
778  909
779  890
779  895
782  970
782  848
782  874
783  928
783  964
783  915
783  828
785  828
786  929
786  867
787  935
788  809
788  932
789  869
789  850
790  931
792  936
792  888
792  908
793  936
793  847
794  838
794  974
795  809
795  858
795  946
797  803
798  860
799  926
799  933
801  834
803  836
804  944
805  880
806  890
807  899
809  949
809  844
810  883
811  952
811  812
812  857
813  977
815  964
819  906
820  976
822  850
823  920
824  886
826  855
827  884
828  890
829  893
830  968
830  890
831  959
831  966
834  916
834  951
835  858
835  848
836  868
836  945
838  961
839  844
839  891
839  874
840  900
842  886
843  882
843  946
843  900
844  986
844  962
846  914
846  990
846  874
847  933
848  951
849  992
850  867
850  964
852  885
852  929
853  914
854  884
855  930
855  947
855  995
856  929
860  913
861  960
862  956
863  908
863  916
863  958
864  889
865  961
865  911
865  891
868  893
868  936
870  886
871  978
875  998
876  936
876  952
882  983
882  933
884  956
884  929
886  921
889  912
889  936
892  901
894  927
894  904
895  939
896  946
897  950
899  922
901  985
901  972
902  978
908  989
908  914
909  968
909  996
912  931
912  965
915  987
915  930
919  921
923  985
926  930
927  941
927  944
929  988
934  944
935  975
942  955
946  960
948  950
948  959
953  956
953  984
959  997
970  987
979  998
981  996
981  987
