0  69
0  696
0  957
0  447
0  428
0  683
0  761
0  171
0  139
0  586
0  337
1  460
1  899
1  564
1  681
1  502
1  250
2  183
2  772
2  347
2  395
2  852
2  901
3  369
3  301
3  160
3  863
4  490
4  32
5  962
5  812
5  181
5  417
5  233
5  976
5  790
5  69
6  919
6  187
6  425
6  423
7  598
7  890
7  963
7  704
7  60
7  268
7  179
7  504
7  129
7  943
8  45
8  812
8  721
8  199
8  541
8  477
9  543
9  661
9  419
10  511
10  37
11  396
11  804
12  49
12  875
12  469
12  805
12  395
12  392
12  404
12  88
13  247
13  563
13  876
13  824
14  135
14  374
14  443
14  873
14  974
15  24
15  939
15  640
15  500
15  88
16  761
16  373
16  537
16  728
16  59
16  554
16  100
16  931
16  877
17  416
17  749
18  700
18  833
18  130
18  753
18  583
19  838
19  111
19  98
20  25
20  137
20  114
20  435
20  685
20  778
20  462
21  689
21  926
21  296
21  57
21  259
21  22
22  85
22  186
22  242
22  593
22  82
22  806
22  544
22  59
22  717
22  494
23  265
23  45
23  242
23  707
23  490
23  647
23  66
23  791
23  328
24  559
24  988
24  564
24  580
24  163
24  556
25  421
25  631
25  592
25  54
25  836
26  367
26  37
26  711
26  812
27  682
27  847
27  635
27  314
27  486
28  759
28  368
28  224
28  159
28  132
29  913
30  831
30  229
30  758
30  674
30  839
30  495
30  258
31  629
31  867
31  504
31  701
31  875
31  665
31  193
31  135
31  374
31  436
31  571
31  142
32  282
32  681
32  290
32  371
32  198
32  442
32  570
32  586
33  266
33  57
33  440
33  456
33  221
33  908
33  151
34  750
34  186
34  695
34  673
34  669
34  625
35  506
36  488
36  633
36  331
36  356
37  991
37  355
37  874
37  594
37  350
37  326
37  958
37  957
38  628
38  434
38  155
38  840
38  700
38  991
38  279
38  379
39  610
39  301
39  186
39  648
39  866
39  694
40  85
40  703
40  724
40  210
41  224
41  867
41  480
41  57
41  904
41  555
41  336
41  797
42  408
42  229
42  470
42  586
42  653
42  567
43  621
43  996
43  843
43  867
44  668
44  249
44  506
44  64
44  838
44  741
44  634
44  574
45  975
45  699
45  951
45  64
45  107
45  694
45  977
46  378
46  269
46  752
46  395
46  213
47  428
47  524
47  996
47  872
47  492
47  794
47  479
48  477
48  388
48  795
48  295
48  684
48  191
49  387
49  694
49  158
50  759
50  746
50  944
50  87
50  538
51  699
51  723
51  260
51  154
51  934
51  269
51  944
51  146
51  67
51  105
52  610
52  655
52  450
52  738
53  877
53  513
53  155
53  809
53  664
53  479
53  700
53  238
53  354
54  590
54  355
54  801
54  488
54  757
54  191
54  451
54  711
54  989
55  314
55  717
55  385
55  490
55  960
56  674
56  555
56  225
57  123
57  363
57  521
57  185
57  441
58  829
58  479
58  889
59  648
59  555
59  142
60  772
60  317
60  267
60  335
60  801
60  274
60  710
60  674
60  755
61  200
61  887
61  124
61  805
61  673
61  912
61  932
62  360
63  596
63  226
63  668
63  449
63  96
63  64
63  255
63  972
63  158
63  799
63  119
63  98
63  385
64  478
64  940
64  251
64  585
64  728
65  621
65  504
65  495
66  404
66  578
66  117
66  801
66  445
67  829
67  409
67  417
67  101
67  99
68  934
68  391
68  441
68  993
69  614
69  944
69  153
69  460
69  474
70  121
70  840
70  215
70  349
70  548
70  226
70  760
70  219
71  660
71  328
71  615
72  509
73  497
73  794
73  949
73  447
73  269
73  789
74  293
74  78
74  582
74  984
74  707
74  420
75  936
75  126
75  963
75  77
75  921
76  368
76  615
76  216
76  594
76  900
76  964
77  95
77  863
77  785
78  372
78  216
78  648
78  901
78  273
79  173
79  877
79  510
79  517
79  540
79  154
79  745
79  201
79  84
79  238
79  764
80  191
80  618
80  150
80  871
81  123
81  689
81  98
81  112
81  617
81  729
82  367
82  258
82  440
82  703
82  625
82  575
83  232
83  891
83  833
83  424
84  582
84  397
84  990
84  196
84  951
85  494
85  157
85  135
85  981
86  105
86  493
86  461
86  226
86  593
86  660
87  950
87  871
87  501
87  263
88  737
88  920
88  349
88  755
89  127
89  814
89  764
89  611
89  743
89  165
89  651
89  833
89  460
90  779
90  646
90  226
90  602
90  782
90  948
90  419
90  650
90  521
90  720
91  777
91  954
91  971
91  668
91  816
91  195
91  301
92  215
92  265
92  311
92  297
92  842
92  820
93  810
93  896
93  572
93  518
93  410
93  502
94  567
94  918
94  733
94  560
94  636
94  558
94  916
94  863
95  393
95  746
95  923
95  201
95  482
95  598
96  290
96  107
96  478
96  349
96  763
96  821
96  308
96  995
96  341
97  317
97  601
97  867
97  825
98  585
98  753
98  277
98  827
98  211
99  465
99  933
100  293
100  326
101  216
101  892
101  579
101  270
101  848
101  651
102  642
102  477
102  488
102  418
102  500
102  546
102  803
103  325
103  493
103  709
103  534
103  179
104  340
104  485
104  296
105  894
105  503
105  137
105  469
105  241
105  662
105  930
105  917
105  221
105  255
105  659
105  595
106  151
106  729
106  415
106  599
107  286
107  784
107  351
107  831
107  821
107  832
107  846
108  188
108  591
108  599
108  202
108  217
108  294
108  187
109  385
109  456
109  555
109  915
109  649
110  193
110  516
110  152
110  353
110  523
111  307
111  402
112  262
113  204
113  506
114  670
114  317
114  433
114  135
114  603
114  248
115  357
115  151
115  974
115  496
115  135
116  891
116  914
116  176
116  476
116  971
117  376
117  858
117  603
117  135
117  277
117  649
118  174
118  189
119  988
119  933
119  383
119  325
120  479
120  331
120  449
120  309
120  591
120  160
120  826
120  583
120  971
120  134
120  923
120  380
121  350
121  765
121  413
121  764
122  151
122  934
122  327
122  735
122  229
122  219
123  816
123  973
123  240
123  674
123  712
124  256
124  397
124  550
124  793
124  527
124  148
124  955
124  495
125  908
125  129
125  998
125  196
125  713
126  811
126  907
126  534
126  686
126  717
126  777
126  607
127  628
127  677
127  361
128  750
128  413
129  925
129  552
129  909
129  578
129  668
130  453
130  300
130  907
130  998
130  349
131  888
131  991
131  288
131  321
131  894
131  887
132  829
132  180
132  625
133  896
133  932
133  446
133  882
134  900
134  525
134  785
134  931
134  175
134  581
135  688
135  400
135  324
135  553
135  955
135  622
136  784
136  455
136  561
136  223
136  672
136  625
136  241
137  655
137  898
138  681
138  342
138  390
138  831
138  773
138  331
138  529
138  590
138  682
139  410
139  191
139  226
139  511
139  845
139  219
139  399
140  882
140  168
140  829
140  558
140  554
140  849
140  816
140  843
140  587
141  425
141  430
141  630
141  495
141  478
142  872
142  272
142  512
142  858
143  762
143  446
143  184
143  401
143  678
144  694
144  325
144  604
144  728
144  958
144  336
145  188
145  865
145  319
145  831
145  584
145  720
145  497
146  189
146  317
146  324
147  876
147  783
147  418
147  250
148  676
148  160
148  537
148  510
149  421
149  295
149  615
149  596
150  665
150  553
150  750
150  309
150  588
151  306
151  560
151  761
151  652
151  474
151  484
152  323
152  306
153  565
153  376
153  664
153  605
153  575
153  745
154  446
154  830
154  790
154  846
154  793
154  849
155  750
155  484
155  964
155  454
156  195
156  182
156  439
156  324
156  622
156  355
156  451
157  658
157  776
158  997
158  361
159  625
159  661
160  238
160  380
160  344
160  410
160  356
161  531
161  793
161  818
161  447
162  528
162  366
162  532
162  663
162  460
163  819
163  540
163  202
163  732
163  962
163  327
163  388
163  774
164  392
164  803
164  915
164  750
164  901
165  414
165  574
165  368
165  369
166  379
166  729
166  805
166  960
167  210
167  777
168  527
168  291
168  411
168  774
168  393
168  830
168  434
169  415
169  946
169  993
170  373
170  441
170  408
171  257
171  332
172  270
172  844
172  768
173  263
173  885
173  395
173  805
174  330
174  768
175  707
175  863
175  834
175  497
175  440
175  953
175  858
175  638
176  814
176  687
176  307
176  965
177  950
177  402
177  541
177  711
177  964
177  375
178  945
178  742
178  346
178  278
178  542
179  701
179  564
179  304
179  685
179  990
179  522
179  508
180  455
180  702
180  842
180  257
180  995
180  688
180  637
180  210
180  744
180  830
180  880
180  279
180  525
181  223
181  625
181  983
181  510
181  606
181  530
181  483
181  600
182  377
182  229
182  491
182  991
182  506
182  944
183  367
183  232
183  417
183  394
183  286
183  363
183  413
183  928
184  772
184  627
184  490
184  319
184  213
184  926
184  565
184  191
185  913
185  595
185  856
185  658
185  862
185  484
185  656
186  374
187  853
187  760
187  448
187  284
188  265
188  517
188  908
188  338
188  453
189  607
189  920
189  572
189  657
189  619
189  543
189  414
190  796
190  363
190  331
190  950
190  634
191  281
191  766
191  841
192  634
192  633
192  614
193  561
193  885
193  382
194  429
194  940
194  641
195  379
195  366
195  983
196  603
196  366
196  947
196  291
197  228
197  935
197  691
197  985
197  268
197  473
198  625
198  894
198  335
198  309
198  255
198  209
198  882
198  989
198  205
198  405
198  348
199  313
199  784
199  744
199  518
199  996
199  418
200  201
200  586
200  889
200  828
200  876
200  271
201  675
201  207
201  367
201  295
201  252
201  231
201  227
202  860
202  919
202  455
202  720
202  804
202  969
202  409
202  813
202  449
203  603
203  695
203  576
203  381
203  928
204  369
204  668
204  515
204  302
204  270
204  792
205  342
205  346
205  298
205  997
206  779
206  604
206  869
207  339
207  626
207  931
207  636
207  536
208  276
209  914
209  455
209  251
209  476
211  906
211  775
211  588
212  867
212  483
212  673
212  795
212  812
212  898
213  805
213  327
213  692
213  511
214  667
214  447
214  696
214  356
214  910
215  588
215  597
216  931
216  741
216  398
216  595
216  554
216  486
217  511
218  430
218  264
218  774
218  577
218  275
219  695
219  879
219  860
220  793
220  711
220  631
220  280
220  448
220  415
221  630
221  624
221  600
222  703
222  468
222  771
222  574
222  556
222  252
222  684
223  617
223  369
223  620
223  763
223  306
223  437
223  399
224  623
224  776
224  365
224  288
224  591
224  624
225  795
225  268
225  759
225  849
225  230
226  699
226  866
226  987
226  582
226  693
227  862
227  786
227  881
227  724
227  691
227  761
228  878
228  597
228  636
228  556
228  238
228  542
228  487
228  610
229  344
229  892
229  863
229  517
230  960
230  454
230  779
230  688
230  795
230  593
231  419
231  318
231  791
232  914
233  509
233  258
233  458
233  951
233  292
234  318
234  850
234  282
234  949
234  621
234  248
234  541
235  950
235  237
235  860
235  926
236  825
236  703
236  340
236  972
237  848
238  836
238  518
239  271
239  857
239  276
239  875
239  934
239  480
239  931
240  726
240  420
240  275
240  747
241  420
241  731
241  943
241  584
242  714
242  735
242  879
243  312
243  946
243  775
243  530
243  374
243  863
243  861
244  964
244  768
244  485
245  516
245  935
245  523
245  497
246  784
246  995
246  645
246  541
246  899
246  600
247  469
247  944
247  671
247  349
247  517
247  616
247  890
247  796
247  568
248  742
248  395
249  965
249  689
249  800
249  454
249  758
249  725
250  323
250  738
250  465
250  449
251  789
251  761
251  434
251  543
251  482
252  926
252  647
252  373
252  565
252  744
252  443
253  861
253  969
253  275
253  575
253  397
253  598
253  430
253  735
254  685
254  612
254  970
254  592
254  570
254  556
255  298
255  900
255  842
255  919
255  800
255  416
255  797
256  529
256  536
256  272
256  738
257  635
257  802
257  904
257  555
257  766
257  475
258  317
258  861
258  808
258  397
258  884
258  948
259  855
259  981
259  604
259  929
260  899
260  522
260  493
261  689
261  544
261  395
261  609
262  717
262  932
262  902
262  513
263  560
263  275
263  368
263  444
263  782
263  708
264  332
264  326
264  273
264  441
264  958
265  541
265  716
265  345
266  901
266  757
266  678
266  559
266  323
266  357
266  831
267  585
267  620
267  617
267  480
268  551
268  336
269  386
269  998
269  306
269  626
269  274
269  474
270  920
270  687
270  897
270  603
270  931
270  884
271  828
271  536
271  938
271  516
271  490
271  538
271  633
272  309
272  892
272  441
272  401
272  394
273  734
273  728
273  659
273  488
273  275
273  671
273  540
273  286
273  512
273  356
274  841
274  749
274  491
274  907
274  326
274  848
275  377
275  456
275  617
275  337
276  374
276  530
276  705
276  672
277  506
277  370
277  474
277  976
278  688
278  792
278  441
278  871
279  673
279  444
279  385
280  382
280  588
280  703
281  636
281  612
281  730
281  989
281  526
282  752
282  815
282  541
283  820
283  631
283  342
284  736
284  760
284  842
284  764
284  340
284  695
284  814
285  516
285  974
285  312
286  969
286  628
286  406
286  908
286  338
286  299
286  349
287  915
287  356
287  865
287  778
287  701
287  611
288  903
288  826
288  547
288  298
288  455
288  325
288  750
289  592
289  626
289  409
290  679
290  435
290  978
290  982
290  399
290  957
290  436
291  310
291  425
292  831
292  946
292  606
292  938
293  677
293  521
294  381
294  880
294  561
295  579
295  398
295  472
295  679
295  684
295  847
296  594
296  743
296  764
297  714
297  537
297  944
297  610
297  859
297  635
298  696
298  401
298  940
298  927
298  909
298  600
299  771
299  745
299  501
300  744
300  596
300  535
300  401
300  836
301  332
302  312
302  834
302  681
302  947
303  466
303  532
303  425
303  980
303  440
304  489
304  778
304  882
304  740
305  702
305  805
306  588
306  645
306  868
307  541
307  737
307  664
307  423
307  982
307  673
307  398
307  527
308  325
308  318
308  651
308  591
308  783
308  911
309  829
309  657
309  317
309  334
310  747
310  735
310  482
310  667
310  719
311  397
311  935
311  797
312  487
312  484
313  453
313  617
313  578
313  560
313  580
313  703
313  345
314  436
314  599
314  804
314  500
314  819
315  596
315  444
315  908
316  359
316  374
316  602
316  643
317  685
317  643
317  639
317  410
317  432
318  569
318  822
318  873
318  408
318  416
319  730
319  602
319  748
319  462
319  505
319  504
320  915
320  875
321  754
321  539
321  862
321  950
321  822
321  413
322  611
322  728
322  534
322  488
323  994
323  480
323  836
323  435
323  812
323  504
324  688
324  413
324  730
324  499
324  991
324  505
324  337
325  960
325  863
325  362
326  769
326  600
326  469
327  537
327  983
328  667
328  442
328  550
328  863
329  756
329  746
331  471
331  764
331  712
331  348
331  747
332  767
332  484
332  708
332  931
332  574
333  541
333  991
334  973
334  958
334  484
334  370
334  992
334  971
334  461
334  641
335  857
335  351
336  730
336  368
336  840
336  900
336  743
336  350
338  741
338  949
338  388
338  634
338  798
338  352
339  600
339  893
340  451
340  644
340  739
340  502
340  355
341  553
341  582
341  369
341  905
341  564
341  812
341  862
341  913
342  663
342  361
342  936
342  755
342  735
342  886
342  400
343  888
343  725
343  915
343  744
343  860
343  384
344  619
344  507
344  544
345  921
346  880
346  551
346  902
346  797
347  998
347  624
347  844
347  477
348  846
349  845
350  927
350  366
350  406
350  614
350  497
351  512
351  851
351  513
351  641
351  787
351  394
351  559
352  901
352  962
353  988
353  488
353  729
354  453
354  805
354  746
354  677
354  771
354  885
354  415
355  729
356  707
356  755
357  623
357  916
357  675
357  764
358  955
358  584
358  442
359  861
359  970
359  748
360  610
360  767
361  943
361  475
361  709
361  391
361  948
361  455
362  636
362  625
362  789
362  663
362  695
362  436
362  997
362  983
363  789
363  992
363  693
363  847
363  468
364  975
364  572
364  611
364  576
365  557
365  503
365  525
366  724
366  882
367  481
367  866
368  768
368  543
368  988
369  771
369  619
369  604
369  737
369  914
370  424
370  758
370  710
370  984
371  934
371  510
371  554
372  957
372  845
373  682
373  768
373  489
374  705
375  663
375  996
375  954
375  588
376  835
376  666
377  883
377  775
378  892
378  411
378  562
378  656
378  994
379  540
379  381
379  957
379  671
380  482
380  576
381  953
381  915
382  898
382  702
383  615
383  655
383  463
384  617
384  641
385  562
386  768
386  834
386  599
386  963
387  400
387  473
387  646
388  838
388  725
388  508
388  434
389  858
390  828
390  501
390  461
390  833
390  591
391  469
391  755
391  842
393  708
393  490
393  626
393  701
394  874
395  720
396  979
397  909
397  546
398  879
398  889
398  596
399  790
399  555
399  403
399  768
399  422
399  973
399  577
400  867
400  594
400  957
401  805
402  683
402  888
403  971
403  900
403  734
403  906
403  880
404  739
404  478
404  782
404  493
405  769
406  944
406  723
406  476
406  672
406  892
406  427
406  693
406  611
407  990
407  664
407  814
408  727
408  833
408  715
409  429
409  500
410  712
410  765
410  442
411  541
411  913
411  631
412  734
412  968
413  780
413  744
413  523
414  855
414  434
414  996
414  888
414  866
415  926
415  449
415  499
415  632
415  737
415  634
415  638
416  586
416  896
416  483
418  672
418  546
419  973
419  667
420  666
420  424
420  698
421  666
421  964
421  607
421  965
421  548
421  645
421  845
423  909
423  923
423  435
423  895
423  426
424  647
424  932
425  859
425  573
425  837
425  472
425  708
426  827
426  855
426  585
426  966
428  854
429  742
429  430
429  838
430  603
430  930
430  730
430  574
431  813
431  507
431  528
432  862
432  529
433  762
434  690
435  461
435  601
435  511
436  844
436  473
436  977
436  739
436  549
436  638
437  549
437  550
437  872
437  516
437  627
437  880
439  917
439  849
440  669
440  737
441  898
441  560
441  826
441  896
441  711
442  866
442  670
442  672
442  948
443  952
443  950
443  783
443  892
444  470
444  798
445  554
445  546
445  906
445  738
445  807
445  880
445  792
446  933
446  471
447  840
447  753
447  799
447  696
448  472
448  577
448  586
450  486
450  540
450  947
452  619
453  874
453  919
453  780
453  778
454  634
454  749
455  962
455  684
455  803
455  952
455  839
456  684
456  990
456  874
457  739
458  492
458  487
458  500
459  804
459  730
460  778
460  780
460  619
460  867
461  560
461  682
462  996
462  941
462  891
462  595
463  789
463  902
463  620
463  829
463  649
463  859
463  674
464  588
464  978
464  587
464  911
464  714
465  914
465  708
465  497
465  566
465  952
466  872
466  659
466  666
467  809
467  889
467  497
467  786
468  701
468  529
469  835
469  557
469  848
470  685
470  476
470  590
470  515
470  568
472  786
472  767
472  671
472  568
472  631
472  643
473  668
474  523
474  702
475  704
475  548
476  534
476  852
476  769
476  889
476  753
477  609
477  545
477  633
477  761
478  532
478  996
478  568
478  766
478  906
478  500
479  859
479  992
479  984
479  657
479  997
480  517
481  883
481  753
481  663
481  996
482  656
482  519
482  708
482  912
482  716
483  651
484  871
484  656
485  873
485  797
485  522
486  784
486  883
486  807
487  642
488  993
488  494
489  692
489  612
490  582
490  702
490  496
490  854
490  651
491  981
491  608
492  608
492  683
492  718
493  583
494  741
495  524
496  905
496  680
497  508
497  936
497  900
497  943
497  955
497  721
497  970
497  882
497  883
497  836
497  860
498  518
498  506
498  863
498  528
499  772
499  690
499  632
499  572
499  767
499  786
500  983
501  761
501  631
501  975
501  958
501  899
502  644
502  740
502  688
502  735
503  848
503  947
503  882
504  637
505  814
506  846
507  807
507  891
507  574
508  625
508  766
508  916
509  547
509  557
509  996
509  756
509  849
509  941
510  955
510  579
510  944
510  847
511  859
513  637
513  546
514  830
514  927
515  921
515  586
515  683
515  770
516  665
516  544
516  599
516  675
517  959
517  934
518  883
518  991
518  989
518  713
518  667
518  681
519  901
520  551
520  556
520  937
520  782
520  772
521  850
522  692
522  532
522  940
522  691
522  828
522  854
522  819
523  737
523  610
523  753
524  816
524  590
524  761
524  792
524  667
524  611
526  796
526  575
527  564
527  613
527  939
527  949
528  913
528  713
529  826
529  651
529  590
529  734
529  555
529  607
530  659
530  727
530  852
531  989
531  889
532  823
532  891
533  786
533  736
533  965
533  717
534  714
534  818
534  988
534  563
535  658
535  588
535  920
535  682
536  546
536  835
536  751
536  935
536  654
537  982
539  958
539  952
539  661
539  695
540  914
540  764
540  684
541  604
541  908
541  762
542  844
542  657
543  849
544  784
544  717
544  741
545  878
545  756
546  699
546  978
547  567
547  641
547  890
547  880
547  594
547  669
547  655
548  772
548  907
548  734
548  604
549  819
550  813
550  992
551  554
551  578
552  582
552  585
552  645
553  640
553  599
553  711
554  651
555  880
556  670
556  767
556  685
557  689
557  674
558  897
559  684
559  803
560  832
560  780
560  862
561  818
562  648
563  688
563  702
563  634
563  569
563  859
564  884
565  780
565  725
566  765
566  949
566  857
567  774
567  709
568  855
568  760
568  804
568  732
569  986
569  735
570  699
570  983
570  726
570  872
571  678
571  701
571  736
571  876
572  607
572  712
572  992
572  658
573  734
573  909
574  904
574  776
574  645
575  797
576  889
576  787
577  613
577  773
577  675
578  935
578  872
578  959
579  875
579  854
580  674
580  653
580  640
580  727
581  966
581  657
581  785
582  958
584  888
584  907
585  996
585  904
585  607
585  785
586  868
586  907
586  768
586  970
587  588
588  915
588  901
589  965
590  658
590  936
591  826
591  630
591  676
591  929
592  932
592  849
593  701
593  786
593  844
595  620
595  646
595  672
595  701
595  936
595  722
595  860
595  851
596  622
596  603
596  859
596  665
596  882
597  842
598  747
598  653
599  934
599  668
600  780
600  840
601  695
601  618
601  716
601  709
601  988
602  991
602  787
602  655
602  833
603  922
603  958
603  657
603  990
604  700
605  865
606  978
607  842
608  978
608  613
608  636
608  716
610  987
611  666
611  702
612  888
612  839
613  685
613  912
613  640
614  943
614  900
614  995
614  821
614  919
614  890
615  812
615  681
616  993
617  996
618  919
618  805
619  697
619  714
619  908
620  899
620  710
620  897
620  787
620  828
621  931
621  875
621  934
621  751
622  799
622  854
623  900
623  676
623  697
623  857
624  873
625  965
625  997
625  752
625  750
626  759
626  913
626  694
626  824
626  856
627  853
628  706
628  776
628  908
629  944
629  675
629  972
629  764
629  968
630  681
630  750
630  671
630  642
630  939
631  749
631  742
631  933
632  832
632  710
633  882
633  641
633  760
633  870
633  658
633  762
633  671
634  861
634  815
635  794
635  786
635  877
635  998
636  749
636  692
636  984
636  922
637  730
637  705
637  835
638  934
638  649
638  672
639  972
639  646
640  911
640  707
642  762
642  775
642  811
643  698
643  825
643  880
643  735
644  743
645  900
645  785
645  840
645  804
645  693
646  720
647  859
647  823
647  696
647  746
648  829
648  805
649  710
649  775
650  913
650  886
651  765
651  699
651  854
652  737
652  996
653  932
653  916
653  770
653  874
654  942
655  674
655  740
655  903
657  700
657  914
658  671
658  924
659  723
659  678
659  749
660  954
661  780
661  939
662  960
663  950
663  737
664  682
664  688
664  934
665  849
665  723
665  766
666  864
666  834
666  669
667  871
667  930
667  978
669  819
669  713
669  865
670  814
671  788
673  771
673  885
673  884
674  962
674  797
675  978
675  754
675  786
676  787
677  936
677  850
678  855
678  683
680  742
680  988
681  970
681  694
681  687
681  781
681  860
681  778
682  871
682  718
683  767
686  714
686  987
686  787
687  951
687  903
688  823
689  902
689  929
690  847
691  845
691  914
692  769
692  871
693  865
695  932
696  792
698  886
698  932
698  717
699  705
699  935
700  716
702  804
702  763
703  952
703  797
704  861
706  926
706  748
707  752
707  979
707  870
707  753
707  997
708  726
708  875
709  760
710  833
711  739
711  851
712  995
713  760
713  849
713  744
714  770
714  879
715  772
717  931
717  852
717  933
717  960
718  806
718  892
719  871
721  849
722  769
723  777
723  815
724  842
725  760
726  974
726  970
726  909
726  934
727  974
727  980
727  989
727  881
728  903
728  756
728  791
728  849
729  989
730  895
731  803
731  757
734  940
734  763
734  740
734  918
734  953
735  880
736  886
737  814
737  811
738  801
739  880
741  749
742  749
742  799
742  784
743  979
743  772
743  843
745  860
745  807
745  811
746  777
748  782
748  946
748  859
749  951
750  892
750  972
750  826
751  870
751  757
751  909
753  848
754  894
754  959
754  891
755  972
755  857
755  889
756  806
756  981
756  832
757  885
759  888
761  921
762  861
762  843
762  803
763  774
764  798
766  844
766  958
768  882
768  786
770  776
770  865
771  953
771  865
771  933
771  789
772  893
772  924
772  915
773  919
774  783
774  858
775  899
775  843
776  938
776  799
777  950
779  833
782  874
782  785
782  970
783  928
783  828
784  797
785  847
786  929
787  803
787  813
788  977
788  932
789  850
790  931
792  908
792  888
792  936
793  847
793  951
793  936
794  974
794  838
795  808
795  946
795  858
795  809
798  806
798  860
799  933
801  834
802  860
806  890
806  998
807  899
807  887
809  874
809  848
810  870
811  952
811  812
812  857
813  978
815  898
816  970
820  845
820  976
821  846
822  850
823  920
824  886
824  848
825  949
825  961
828  890
829  893
829  841
830  890
830  862
831  966
831  983
834  951
835  998
836  868
836  862
836  967
837  946
839  891
839  859
839  874
839  879
840  900
842  922
842  886
843  900
843  946
843  882
844  987
845  876
848  951
849  892
850  964
851  937
852  929
853  891
853  881
853  914
855  956
855  947
855  930
855  995
856  929
856  972
859  902
862  956
863  916
863  908
864  889
865  891
865  961
865  911
868  936
868  955
868  893
869  927
870  917
870  879
871  978
873  940
874  920
876  936
877  916
883  930
884  956
884  929
886  921
889  936
892  901
893  923
894  904
895  975
897  950
899  922
901  985
906  983
908  914
908  989
909  968
909  996
912  941
912  965
912  931
914  944
915  930
919  921
923  985
926  930
927  944
930  979
931  950
934  944
935  975
936  992
939  982
942  955
946  960
948  950
953  956
955  984
955  994
959  978
979  998
980  986
981  987
981  996
