0  303
0  14
0  856
0  776
0  634
0  198
0  127
0  697
0  980
0  773
1  718
1  254
1  908
1  478
1  945
1  89
2  351
2  506
2  831
2  578
2  355
2  54
3  478
3  983
3  711
3  490
4  582
4  184
4  571
5  43
5  227
5  98
5  800
5  110
5  124
5  828
6  217
6  531
6  309
6  741
7  202
7  133
7  583
7  725
7  489
7  377
7  446
7  92
7  650
7  460
8  54
8  630
8  606
8  284
8  242
9  15
9  708
9  819
10  485
10  31
11  18
11  530
12  55
12  388
12  179
12  854
12  156
12  902
12  904
12  434
13  636
13  437
13  934
13  775
14  860
14  89
14  769
14  684
15  77
15  20
15  680
15  47
16  374
16  752
16  23
16  564
16  628
16  580
16  125
16  661
16  751
17  767
17  27
18  522
18  533
18  196
18  584
19  642
19  273
19  787
20  219
20  440
20  273
20  544
20  560
20  935
21  924
21  779
21  526
21  535
21  362
21  117
22  689
22  51
22  281
22  786
22  608
22  101
22  315
22  472
22  988
22  370
22  368
22  690
22  122
22  336
23  395
23  679
23  863
23  633
23  413
23  291
24  67
24  624
24  973
24  79
24  146
24  779
24  601
25  181
25  846
25  328
25  102
25  739
25  655
26  903
26  75
26  472
26  807
27  414
27  314
27  274
27  357
28  994
28  591
28  980
28  868
28  722
28  142
29  971
29  434
30  505
30  931
30  608
30  102
30  519
30  359
31  228
31  889
31  59
31  706
31  534
31  236
31  133
31  612
31  258
31  672
32  835
32  581
32  463
32  843
32  958
32  925
32  942
32  479
32  626
32  575
33  728
33  842
33  96
33  473
33  402
33  263
33  775
34  936
34  429
34  691
34  302
34  721
34  205
35  301
35  930
36  387
36  380
36  228
37  275
37  530
37  183
37  609
37  455
37  710
37  77
37  585
37  89
38  946
38  541
38  560
38  196
38  676
38  915
38  518
38  85
39  883
39  138
39  659
39  719
39  310
39  881
40  413
40  264
40  621
40  524
41  497
41  591
41  984
41  153
41  788
41  956
41  110
41  321
42  353
42  660
42  621
42  45
42  286
43  646
43  984
43  679
44  728
44  670
44  945
44  806
44  481
44  729
44  923
44  666
45  637
45  493
45  545
45  340
45  474
45  754
45  163
46  254
46  443
46  323
46  82
46  398
47  651
47  814
47  226
47  910
47  687
47  507
48  607
48  931
48  206
48  586
48  683
48  510
48  914
49  743
49  855
50  436
50  616
50  58
50  864
50  591
51  242
51  405
51  108
51  614
51  63
51  490
51  793
51  213
52  621
52  589
52  123
52  500
53  762
53  900
53  585
53  604
53  850
53  236
53  986
53  927
54  579
54  909
54  132
54  850
54  737
54  96
54  959
54  172
55  266
55  750
55  729
55  256
56  652
56  877
56  271
57  563
57  484
57  124
57  893
57  616
57  945
57  768
57  424
57  421
58  897
58  654
59  603
59  323
59  268
60  139
60  191
60  736
60  499
60  684
60  766
60  319
60  749
60  569
60  508
61  744
61  475
61  487
61  91
61  204
61  262
61  187
62  471
63  85
63  207
63  271
63  768
63  858
63  370
63  386
63  706
63  155
63  344
63  539
63  819
64  671
64  265
64  740
64  724
64  775
64  70
64  250
64  431
65  966
65  991
65  154
65  406
66  258
66  328
66  488
66  549
66  393
66  428
67  843
67  88
67  752
67  463
67  709
68  685
68  638
68  767
68  636
69  135
69  414
69  556
69  506
69  615
69  420
69  930
69  886
70  691
70  466
70  745
70  472
70  434
70  709
71  596
71  254
71  689
72  603
73  314
73  380
73  376
73  856
73  620
73  948
74  788
74  632
74  785
74  421
74  787
74  990
75  173
75  252
75  236
75  139
76  885
76  647
76  808
76  869
76  624
76  699
77  207
77  372
78  334
78  567
78  490
78  621
78  477
78  376
78  506
79  620
79  202
79  93
79  622
79  773
79  516
79  641
79  311
79  992
80  440
80  840
80  856
80  218
81  796
81  124
81  247
81  299
81  562
81  410
82  668
82  855
82  958
82  558
82  844
82  953
83  456
83  321
83  822
83  738
84  770
84  435
84  998
84  265
84  589
84  843
85  797
85  138
85  282
85  652
86  230
86  860
86  331
86  652
86  807
86  130
87  138
87  367
87  619
87  257
88  592
88  710
88  866
88  896
88  814
89  959
89  769
89  309
89  184
89  547
90  297
90  685
90  423
90  106
90  952
90  674
90  340
90  985
90  145
91  796
91  200
91  100
91  430
91  142
91  828
92  421
92  635
92  909
92  908
92  712
93  486
93  832
93  254
93  675
93  816
94  207
94  220
94  719
94  754
94  921
94  600
94  696
95  849
95  540
95  858
95  517
95  950
95  752
95  490
96  931
96  901
96  240
96  973
96  551
96  455
96  105
96  219
97  496
97  535
97  726
97  623
97  269
98  851
98  463
98  224
98  901
98  441
98  599
98  400
98  555
99  252
99  604
99  776
100  881
100  889
101  955
101  793
101  864
101  932
101  760
101  421
102  237
102  402
102  326
102  436
102  617
103  634
103  883
103  165
103  861
103  252
104  397
104  948
104  484
105  689
105  266
105  686
105  696
105  920
105  847
105  677
105  334
105  435
105  109
106  996
106  954
107  641
107  547
107  354
107  437
107  286
107  153
107  675
107  748
107  848
108  338
108  315
108  138
108  219
108  806
108  421
109  834
109  727
109  345
109  135
110  363
110  614
110  853
110  697
111  756
111  683
111  270
112  693
112  567
113  718
113  223
114  273
114  415
114  558
114  750
114  873
114  823
114  517
115  477
115  530
115  417
115  322
115  284
116  381
116  887
116  348
116  393
116  164
117  144
117  467
117  131
117  796
117  250
118  513
118  901
119  356
119  304
119  523
119  866
119  386
120  561
120  353
120  511
120  469
120  790
120  979
120  902
120  522
120  883
120  739
120  985
120  575
120  932
121  990
121  761
121  453
121  747
121  843
122  238
122  269
122  172
122  442
122  738
123  659
123  293
123  277
123  546
123  190
123  476
123  510
124  172
124  428
124  268
124  832
124  144
124  374
125  885
125  908
125  387
125  153
126  731
126  877
126  362
126  764
126  482
126  670
126  636
127  816
127  891
127  505
127  812
128  740
128  920
128  682
129  805
129  997
129  551
129  549
129  276
129  861
129  771
130  588
130  468
130  436
130  139
130  712
131  492
131  837
131  709
131  689
131  554
132  924
132  291
132  513
133  379
133  871
134  695
134  467
134  242
134  738
134  534
134  366
134  974
135  773
135  903
135  295
135  340
135  647
135  954
135  735
135  632
135  547
135  756
135  688
135  810
135  708
135  453
135  595
136  652
136  757
136  366
136  432
136  203
136  179
136  474
136  826
137  810
137  722
137  272
137  204
138  821
138  729
138  700
138  621
138  817
139  687
139  302
139  496
139  346
139  668
139  255
140  951
140  233
140  815
140  702
140  182
140  235
140  319
140  501
140  153
140  411
140  288
141  923
141  553
141  346
141  316
141  730
141  199
142  533
142  425
142  311
142  686
143  201
143  916
143  229
143  619
143  604
144  502
144  663
144  388
144  540
145  179
145  311
145  742
145  237
145  408
145  359
146  857
146  731
146  718
147  441
147  548
147  333
147  426
148  246
148  878
148  484
148  708
148  903
149  569
149  404
149  626
149  793
150  562
150  745
150  785
150  182
150  284
150  350
150  599
151  665
151  321
151  183
151  556
151  399
151  555
151  796
151  881
151  223
151  246
152  447
152  738
152  198
153  917
153  518
153  726
154  649
154  455
154  635
154  529
154  200
154  246
155  400
155  391
155  395
155  935
156  669
156  858
156  580
156  514
156  553
156  204
157  970
157  817
157  209
158  298
158  806
158  573
159  979
159  821
159  718
160  791
160  481
160  500
160  336
160  913
160  301
160  915
160  216
161  941
161  972
161  979
162  875
162  530
162  328
162  267
162  797
163  488
163  778
163  683
163  361
163  524
163  693
163  914
164  399
164  626
164  781
164  936
165  508
165  934
165  735
165  497
166  175
166  447
166  762
166  750
166  889
167  257
167  964
168  338
168  923
168  298
168  804
168  875
168  482
168  256
168  981
168  769
169  984
169  280
169  325
170  339
170  693
170  656
171  361
171  741
171  643
173  583
173  297
173  997
173  554
174  631
174  629
174  201
175  326
175  877
175  407
175  474
175  273
175  826
175  425
176  363
176  461
176  745
176  479
176  592
177  190
177  450
177  578
177  571
177  412
177  191
178  215
178  522
178  596
178  521
178  936
179  718
179  399
179  676
179  418
179  970
179  895
180  503
180  493
180  697
180  189
180  796
180  529
180  627
180  732
180  463
180  470
180  314
180  509
181  565
181  593
181  747
181  222
181  648
181  831
181  423
182  632
182  833
182  605
182  762
182  500
183  751
183  369
183  368
183  756
183  856
183  768
183  344
183  185
183  618
184  823
184  337
184  267
184  763
184  891
184  804
184  373
184  859
185  746
185  257
185  575
185  890
185  856
185  308
185  618
186  399
186  893
186  601
186  682
187  944
187  692
187  729
187  795
187  666
188  863
188  220
188  721
188  764
188  469
188  478
188  284
189  396
189  792
189  682
189  537
189  231
189  374
189  720
190  663
190  552
191  920
191  384
191  888
191  992
191  516
191  459
192  333
192  672
192  724
192  836
193  979
193  956
193  262
193  794
193  780
194  198
194  317
194  959
194  751
195  466
195  624
195  269
195  913
195  649
196  738
196  702
196  708
196  747
197  664
197  678
197  207
197  369
197  648
197  786
197  302
198  264
198  255
198  899
198  230
198  228
198  446
198  243
198  597
199  580
199  865
199  874
199  260
199  484
199  206
199  603
200  958
200  695
200  961
200  270
200  441
200  631
201  778
201  342
201  676
201  864
201  927
201  830
201  255
202  356
202  731
202  508
202  797
202  927
202  229
202  950
202  567
202  860
203  856
203  443
203  205
203  369
204  458
204  285
204  530
204  951
205  395
205  631
205  590
206  669
206  982
207  252
207  813
208  951
208  862
209  273
209  927
209  609
209  642
210  410
210  594
210  391
211  829
211  546
211  623
211  325
212  570
212  631
212  852
212  989
212  899
212  495
213  594
213  608
213  648
213  225
213  296
213  536
214  344
214  436
214  639
214  873
214  677
215  802
215  858
215  280
216  892
216  603
216  799
216  625
216  587
216  228
216  647
217  229
218  573
218  794
218  223
218  637
219  679
219  236
219  587
219  550
220  287
220  907
220  778
220  683
221  773
221  388
221  622
221  956
221  435
222  625
222  439
222  633
222  982
222  361
223  771
223  776
223  781
223  247
223  240
223  966
223  906
224  558
224  728
224  475
224  335
224  316
224  515
224  410
225  497
225  634
225  841
225  869
225  989
226  971
226  670
226  556
226  360
226  961
226  312
226  836
226  497
226  256
226  807
227  523
227  702
227  287
227  971
227  944
227  844
228  340
228  617
228  278
228  568
228  773
229  313
229  799
229  509
229  480
229  341
230  231
230  633
230  661
230  691
231  949
231  654
232  439
232  292
232  736
232  887
233  337
233  903
233  922
233  759
233  798
234  604
234  360
234  975
234  697
234  332
234  243
234  465
234  394
235  814
235  403
235  449
236  999
238  787
238  982
238  291
238  932
238  465
239  927
239  544
239  498
239  971
239  435
239  434
239  465
240  413
240  885
240  339
240  677
241  694
241  851
241  963
241  875
241  709
241  984
242  992
242  289
243  890
243  710
243  772
243  515
243  461
244  894
244  771
244  334
245  351
245  630
245  898
245  857
245  963
246  529
246  648
246  509
247  993
247  388
247  698
247  584
247  567
247  704
247  552
247  524
247  974
248  892
248  327
248  652
248  490
248  314
249  789
249  564
249  615
249  399
249  606
249  700
249  607
250  839
250  614
250  881
250  788
251  572
251  922
251  791
251  979
251  373
251  258
251  323
252  465
252  709
252  932
252  881
252  326
253  721
253  917
253  367
253  488
253  419
253  901
253  531
253  730
254  499
254  630
254  620
255  418
255  914
255  488
255  429
255  751
255  361
256  556
256  898
257  516
257  668
257  502
257  392
257  711
258  564
258  314
258  853
258  655
259  442
259  704
259  398
259  997
259  413
260  829
260  979
260  918
261  991
261  549
261  815
262  964
262  510
262  327
263  533
263  716
263  412
263  454
263  840
263  415
264  619
264  395
264  850
264  296
265  870
265  657
265  974
265  650
266  336
266  772
266  949
266  868
266  790
267  310
267  737
267  699
268  464
268  561
268  787
268  316
269  798
269  748
269  875
269  494
269  801
270  335
270  667
270  689
270  967
270  630
270  713
271  994
271  795
271  300
271  741
271  566
271  990
271  762
272  477
272  987
272  792
272  596
272  849
272  518
273  743
273  349
273  365
273  945
273  637
273  331
273  581
274  528
274  910
274  494
274  361
274  971
274  516
274  520
275  927
275  387
275  294
275  324
275  440
275  602
275  594
276  545
276  860
276  874
276  385
277  309
277  533
277  625
277  363
277  781
278  929
278  785
278  352
278  382
279  301
279  850
279  283
279  453
279  411
280  892
280  497
281  414
281  851
281  690
281  665
282  431
282  441
282  545
282  664
283  543
283  357
283  504
284  656
284  834
284  997
284  789
284  400
285  388
285  417
286  411
286  438
286  535
286  689
286  686
286  922
286  670
286  736
287  390
287  877
287  520
288  367
288  537
288  310
288  437
288  343
288  317
288  462
288  640
288  835
288  928
289  341
289  915
290  308
290  918
290  867
290  881
290  984
290  701
290  772
290  845
291  640
292  696
292  859
292  787
292  660
293  298
293  641
293  937
294  393
294  470
294  369
295  875
295  493
295  324
295  976
295  883
295  992
295  537
295  685
296  673
296  798
296  727
297  818
297  860
297  999
297  884
297  787
298  421
298  776
298  682
298  629
298  755
298  304
299  532
299  734
299  688
300  643
300  314
300  772
300  572
300  931
301  981
301  832
302  649
302  845
302  344
303  676
303  876
303  748
303  405
304  897
304  887
304  678
304  646
305  863
306  541
306  699
306  916
306  631
306  717
306  890
306  941
307  785
307  626
307  678
307  592
307  343
307  385
307  649
307  437
307  331
308  708
308  450
308  652
308  511
308  535
309  502
309  737
309  318
309  447
309  913
310  742
310  542
310  969
311  569
312  780
312  322
312  381
312  767
313  649
313  698
313  548
313  594
313  462
313  910
314  409
314  662
315  731
316  646
317  743
317  420
317  439
317  472
317  701
317  561
317  955
317  904
318  586
318  436
318  761
318  891
318  427
318  777
319  764
319  446
319  383
319  800
319  551
319  395
320  375
320  671
320  636
321  514
321  898
321  744
321  735
322  845
322  767
322  837
323  448
323  704
323  775
323  817
323  508
323  668
324  340
324  666
324  787
324  394
324  401
324  959
324  861
325  371
325  762
325  536
325  945
325  968
326  695
326  485
326  686
326  370
327  769
327  342
327  837
327  879
328  752
328  411
328  380
329  443
329  496
329  660
330  555
330  504
331  868
331  905
331  601
331  798
331  854
331  637
332  988
332  627
332  548
332  423
332  941
332  736
332  900
332  998
333  554
334  511
334  955
334  861
334  699
334  935
334  580
334  903
335  509
335  681
336  761
336  794
336  484
336  717
336  971
336  805
337  591
338  640
338  378
338  718
338  597
338  574
338  920
339  859
340  424
340  777
340  886
340  410
340  414
341  555
341  650
341  999
341  802
341  686
341  508
341  414
341  937
342  347
342  660
342  733
342  704
342  406
342  635
342  933
343  367
343  850
343  683
343  918
344  977
345  406
345  890
345  714
346  838
346  500
346  542
346  469
347  909
347  393
347  744
347  669
348  425
348  956
349  369
349  916
349  819
349  423
349  703
350  530
350  592
350  864
350  622
350  579
350  641
350  867
351  451
351  418
351  598
351  477
351  411
351  873
351  997
352  470
352  649
353  653
353  870
353  731
354  967
354  512
354  950
354  676
354  690
354  702
354  724
355  370
355  987
355  658
355  971
356  478
356  515
356  798
356  784
356  933
357  615
357  714
357  595
357  644
358  951
358  836
358  676
359  664
359  361
360  695
361  615
361  416
361  598
362  445
362  721
362  715
362  979
362  829
362  669
363  675
363  827
363  801
363  771
363  800
364  491
364  620
364  797
364  930
365  476
365  862
366  488
366  564
366  846
366  571
366  686
367  479
367  496
368  477
368  937
368  577
368  723
368  822
369  760
369  700
369  383
369  915
370  853
371  774
371  627
371  958
371  884
372  595
372  953
373  806
373  821
373  883
373  697
374  572
374  582
374  775
375  611
375  784
375  561
375  715
376  952
376  874
377  461
377  611
377  577
378  831
378  876
378  385
378  950
378  489
379  639
379  893
379  937
379  885
379  790
379  492
380  573
381  476
381  961
381  602
382  905
382  502
382  953
383  838
383  921
383  859
384  516
384  869
385  738
385  456
386  917
386  835
386  426
387  540
387  934
388  754
390  979
390  635
390  542
390  843
390  446
391  491
391  548
391  902
392  821
393  479
393  494
394  605
394  498
395  965
395  497
396  920
396  898
397  615
397  644
397  507
397  669
397  469
397  825
398  933
398  817
398  503
399  989
399  621
399  922
399  629
399  644
400  907
400  870
401  432
401  956
401  614
401  518
402  528
402  953
403  435
403  744
403  961
403  753
403  504
404  597
404  480
404  672
404  577
404  841
406  623
406  461
406  948
406  470
406  754
406  985
406  820
407  790
407  757
407  742
408  785
408  561
408  776
408  513
408  694
409  894
409  786
409  915
409  965
410  605
410  786
410  971
411  909
413  740
413  448
413  421
413  798
414  855
414  544
415  848
415  584
415  718
415  430
415  933
415  482
415  736
415  740
415  928
415  919
416  921
416  966
416  445
416  596
417  648
418  444
419  624
419  763
419  580
419  603
420  485
420  759
420  929
420  997
421  765
421  808
422  579
423  700
423  653
423  678
423  845
424  938
424  959
424  908
425  932
425  658
425  693
425  548
425  480
426  744
426  912
426  770
428  513
428  897
429  876
429  917
429  909
429  763
430  510
430  456
430  751
430  941
430  725
431  504
432  572
433  892
434  721
434  443
435  509
435  766
436  629
436  541
436  768
436  772
436  788
437  510
437  726
437  495
440  498
440  499
440  864
440  485
441  723
441  560
441  799
441  957
441  830
441  751
441  877
441  745
442  822
442  808
442  872
442  682
442  755
443  658
443  731
444  631
444  495
444  627
444  541
445  941
445  890
445  872
445  931
445  944
446  926
447  728
447  811
447  583
447  673
447  965
448  895
448  831
448  916
449  460
449  844
449  834
449  883
450  971
450  860
451  612
451  728
452  479
453  669
453  915
453  747
453  472
453  839
454  577
454  486
454  674
454  913
455  861
455  991
455  490
455  535
455  904
455  575
455  730
455  586
456  483
456  463
456  518
457  570
457  985
458  751
458  761
458  889
459  833
459  961
460  806
460  531
460  654
460  872
460  486
460  846
461  681
461  972
461  632
462  677
462  673
462  515
462  793
463  883
463  832
463  632
463  566
464  850
464  765
464  587
464  834
465  576
465  710
465  517
466  809
466  478
467  703
467  620
468  572
468  966
469  879
469  589
469  708
469  601
470  893
470  861
470  726
472  565
472  757
472  598
472  490
473  643
473  516
474  735
474  835
474  965
474  542
475  750
475  891
476  957
476  564
476  621
476  811
476  865
477  662
477  836
477  940
477  508
478  973
478  904
478  636
478  634
478  501
479  714
479  533
479  633
480  696
480  728
481  643
481  922
481  864
482  773
482  644
482  744
482  854
482  521
482  729
483  622
483  879
483  527
484  638
484  765
484  785
485  805
486  619
486  729
486  930
487  656
487  831
487  761
488  778
488  859
488  849
489  787
489  890
490  841
490  893
490  776
490  573
490  660
491  849
491  816
492  661
492  675
493  701
493  850
494  993
495  746
495  824
497  738
497  538
497  940
497  935
498  583
498  531
499  756
499  786
499  939
499  824
500  843
500  754
500  765
501  765
501  989
501  688
501  952
501  883
501  647
502  975
502  576
502  798
503  582
503  779
504  650
504  608
505  594
506  592
506  817
506  876
506  829
507  900
507  722
509  621
509  731
510  984
510  960
510  780
511  674
511  604
511  960
512  932
513  557
515  751
515  864
516  523
516  673
517  813
517  963
517  602
518  570
518  596
518  543
518  928
518  727
518  696
519  972
520  843
520  983
520  816
521  861
522  866
522  589
522  643
522  950
522  724
523  726
523  786
523  557
523  909
524  715
524  934
524  628
524  764
524  997
526  878
526  844
527  868
527  696
528  531
528  653
528  632
528  569
528  998
529  738
529  589
530  867
530  637
530  874
530  746
531  768
531  645
532  568
532  975
532  623
533  586
534  769
534  783
535  878
535  978
535  947
535  564
536  756
536  954
536  949
537  947
537  977
537  786
537  556
537  682
538  620
538  701
538  692
538  912
539  937
539  581
540  894
541  632
541  901
541  924
541  740
542  549
542  646
542  658
542  586
542  709
542  657
542  980
543  703
543  909
544  802
544  932
545  569
545  969
545  790
545  847
546  557
547  652
547  902
547  922
547  682
547  729
548  712
548  935
548  916
549  605
549  982
550  740
550  873
551  883
551  622
552  563
552  992
553  808
553  711
554  658
554  589
554  810
555  575
555  609
555  591
556  772
556  738
556  650
557  761
557  807
557  902
557  700
558  934
558  862
559  990
559  694
559  806
560  685
560  896
561  998
561  766
561  946
562  805
562  682
563  837
564  736
565  968
565  843
565  754
565  838
566  592
566  735
566  831
568  784
568  932
569  595
569  714
569  667
570  715
571  586
571  642
571  704
573  665
573  900
573  673
574  611
574  940
574  781
575  675
575  772
575  640
576  913
576  864
576  993
577  878
578  880
578  753
578  826
578  637
579  689
579  618
579  942
579  672
580  930
581  646
581  945
581  600
581  900
582  911
583  886
583  779
583  937
585  978
585  739
585  615
586  682
586  719
587  930
587  795
587  936
587  851
587  820
587  670
587  663
587  825
588  635
588  626
589  973
589  871
589  592
589  629
590  703
591  660
591  763
592  993
593  751
593  977
593  693
594  718
595  997
595  600
596  978
596  866
596  601
596  917
596  956
596  822
596  609
597  709
597  777
597  782
597  661
597  611
597  872
599  840
599  858
599  780
600  646
600  779
600  678
600  941
601  824
601  887
601  886
602  871
602  996
602  945
602  972
603  683
603  704
604  992
604  990
604  855
604  654
604  637
605  872
605  840
605  959
607  707
608  820
608  635
608  749
609  825
609  933
611  639
611  958
612  749
612  783
612  623
612  685
612  751
612  889
613  935
613  658
613  939
613  861
613  840
614  770
614  700
615  837
615  703
615  833
616  764
616  999
616  653
616  788
618  787
618  847
618  993
618  866
620  744
621  863
621  754
621  988
622  790
622  749
624  632
624  656
625  976
626  867
626  829
626  989
626  862
626  832
626  965
626  770
626  853
627  902
627  975
627  881
627  916
628  812
629  952
630  802
630  717
631  966
631  993
632  787
632  935
633  793
634  635
634  913
634  778
634  866
634  921
634  893
635  675
635  960
636  799
636  733
637  772
637  883
637  976
637  758
637  856
637  860
638  884
638  845
638  729
638  839
639  680
639  937
639  790
639  673
641  705
641  845
642  982
642  769
642  735
642  812
643  806
644  994
644  863
644  924
645  945
645  901
645  889
646  837
646  937
646  869
646  979
647  654
647  881
648  895
648  855
650  668
651  795
651  910
652  914
652  810
652  670
654  872
654  778
655  835
656  666
656  912
656  728
657  902
657  909
658  667
658  855
659  725
659  907
659  757
659  684
659  830
659  705
660  823
662  995
662  906
662  962
664  758
664  736
664  832
664  932
665  804
665  986
665  859
665  930
666  774
666  756
666  731
667  850
667  895
667  696
667  916
668  827
668  891
668  763
668  709
669  951
670  773
671  841
671  948
672  776
672  885
672  901
672  805
673  935
674  948
674  762
674  854
674  692
675  714
675  682
675  843
675  857
675  910
675  763
675  928
676  905
676  738
677  813
679  994
679  984
679  788
680  743
682  742
683  990
683  795
684  717
684  910
684  956
685  998
685  752
686  830
687  690
687  959
688  808
688  940
689  779
689  710
690  713
690  932
690  708
691  812
692  769
693  997
694  711
694  849
695  901
695  886
696  956
697  800
697  896
699  765
700  892
700  988
701  937
701  807
702  840
702  773
702  961
702  860
703  756
703  747
703  772
703  793
704  773
704  965
705  951
706  765
706  769
707  919
708  902
708  753
709  907
711  935
712  873
712  973
712  921
712  900
712  883
713  921
713  911
713  809
714  849
714  735
715  737
715  997
715  931
715  762
716  804
717  947
718  810
718  783
719  884
723  804
724  986
724  997
725  815
727  830
727  868
727  805
727  738
729  758
730  852
730  951
730  841
731  944
732  820
733  836
735  844
735  851
735  806
735  864
736  959
739  935
741  939
742  834
742  973
743  777
743  893
743  980
743  854
745  997
745  798
745  877
746  796
746  856
746  827
747  999
748  937
749  887
749  863
750  935
750  956
750  942
750  881
750  762
753  928
754  951
755  947
755  958
755  804
756  777
757  799
757  931
757  887
758  872
759  938
760  846
760  796
760  971
761  807
761  925
761  908
762  996
763  945
763  893
764  880
765  937
765  785
765  800
766  992
767  790
767  895
768  925
769  862
769  899
770  966
771  914
773  985
773  784
774  857
774  991
775  783
776  999
777  876
777  947
779  813
780  980
781  841
781  813
781  889
782  920
783  791
783  915
783  893
784  848
784  825
785  960
788  844
788  863
789  998
791  957
792  989
792  987
793  955
793  888
794  937
794  934
794  927
794  809
796  887
798  917
800  829
800  952
801  999
803  914
804  830
805  972
808  944
812  884
812  981
813  874
813  915
813  848
814  936
814  876
815  915
815  836
815  937
820  892
822  976
824  940
824  875
826  909
827  846
827  860
827  951
828  954
829  947
830  835
830  834
832  991
832  866
833  895
834  949
837  984
839  933
839  868
842  875
842  976
843  949
844  846
844  889
845  947
846  975
847  899
847  855
848  989
848  871
849  909
849  900
849  951
850  890
850  861
850  936
851  969
852  932
852  961
853  910
856  884
858  938
860  872
861  875
862  891
862  885
863  950
866  966
866  953
866  952
867  975
868  959
869  992
871  996
871  905
872  937
873  909
875  991
876  962
878  997
880  900
880  901
880  962
881  894
882  916
882  936
883  915
884  934
885  970
890  963
890  891
892  967
892  897
892  902
894  999
899  917
901  905
907  920
908  933
909  933
909  912
910  954
914  916
915  990
915  933
916  973
920  983
922  982
924  995
926  995
929  952
943  988
943  986
943  964
945  957
947  953
947  971
952  975
979  996
983  998
