0  839
0  121
0  199
0  136
0  482
0  829
0  236
0  223
0  624
0  510
1  377
1  293
1  771
1  515
1  711
1  392
2  314
2  456
2  399
2  187
2  499
2  332
3  845
3  440
3  365
3  869
4  500
4  768
4  298
5  12
5  691
5  226
5  545
5  910
5  25
5  61
6  956
6  680
6  196
6  132
7  950
7  783
7  348
7  683
7  856
7  96
7  180
7  37
7  932
7  594
8  538
8  118
8  758
8  845
8  615
9  926
9  766
9  277
10  888
10  697
11  484
11  642
12  798
12  644
12  492
12  666
12  769
12  827
12  398
13  396
13  338
13  247
13  750
14  667
14  876
14  47
14  260
14  745
15  974
15  916
15  561
15  20
15  570
16  655
16  943
16  587
16  542
16  177
16  198
16  317
16  223
16  230
17  679
17  584
18  367
18  49
18  591
18  228
18  41
19  675
19  869
19  447
20  612
20  437
20  139
20  709
20  156
20  685
21  696
21  445
21  745
21  287
21  779
21  741
22  224
22  631
22  632
22  409
22  547
22  703
22  420
22  326
22  436
22  227
22  876
22  411
22  276
22  38
23  111
23  873
23  126
23  286
23  461
23  354
23  821
24  530
24  474
24  298
24  815
24  952
24  368
24  194
25  773
25  181
25  872
25  576
25  791
26  898
26  185
26  928
26  826
27  258
27  715
27  899
27  902
27  716
28  645
28  963
28  661
28  205
28  863
28  280
29  699
29  306
30  834
30  571
30  189
30  925
30  949
30  596
31  639
31  271
31  294
31  916
31  735
31  319
31  253
31  135
31  934
31  902
31  773
32  327
32  618
32  615
32  708
32  453
32  145
32  107
32  241
32  448
32  79
33  541
33  635
33  287
33  299
33  604
33  407
33  797
34  855
34  406
34  750
34  552
34  508
34  513
35  755
35  831
36  289
36  793
36  451
37  621
37  306
37  38
37  51
37  963
37  367
37  453
37  500
38  635
38  387
38  250
38  831
38  472
38  627
39  515
39  285
39  690
39  901
39  953
39  73
40  331
40  713
40  668
40  136
41  499
41  957
41  689
41  991
41  142
41  853
41  334
42  404
42  731
42  674
42  527
42  154
43  278
43  871
43  465
43  767
44  91
44  810
44  351
44  652
44  979
44  729
44  313
44  188
45  469
45  806
45  718
45  376
45  423
45  185
45  63
45  346
46  633
46  479
46  817
46  218
46  411
47  932
47  223
47  596
47  703
47  164
47  221
48  880
48  793
48  443
48  779
48  210
48  426
48  763
49  569
50  308
50  351
50  728
50  175
50  54
51  332
51  455
51  556
51  601
51  806
51  564
51  744
51  773
52  425
52  356
52  997
52  976
53  334
53  437
53  702
53  830
53  391
53  405
53  626
53  944
54  387
54  262
54  849
54  477
54  620
54  202
54  493
54  694
54  798
55  597
55  235
55  221
55  795
55  863
56  391
56  845
56  643
57  979
57  621
57  888
57  224
57  611
57  851
57  204
57  675
57  463
58  577
58  918
58  309
59  979
59  999
59  827
59  776
60  901
60  595
60  979
60  982
60  815
60  512
60  764
60  415
60  511
60  506
61  851
61  752
61  571
61  858
61  961
61  380
62  554
63  183
63  537
63  332
63  199
63  636
63  860
63  902
63  883
63  696
63  787
63  704
63  956
64  179
64  638
64  767
64  677
64  673
64  535
64  172
64  388
65  795
65  967
65  571
65  825
66  416
66  647
66  455
66  498
66  802
66  933
67  555
67  460
67  739
67  477
67  234
67  727
68  550
68  388
68  398
68  900
69  901
69  101
69  362
69  82
69  354
69  94
69  188
69  735
70  199
70  441
70  773
70  891
70  149
70  574
70  944
71  664
71  311
71  890
72  398
73  485
73  959
73  843
73  837
73  857
74  815
74  950
74  276
74  297
74  711
74  896
75  346
75  129
75  135
75  695
75  443
76  881
76  400
76  708
76  406
76  145
76  935
77  429
77  845
77  292
77  601
78  891
78  788
78  504
78  843
78  425
78  465
78  660
79  103
79  999
79  861
79  274
79  96
79  298
79  600
79  958
79  718
80  878
80  875
80  249
80  767
81  162
81  279
81  531
81  415
81  122
81  90
82  564
82  709
82  848
82  308
82  883
82  794
83  905
83  98
83  144
83  105
84  592
84  278
84  577
84  861
84  87
84  228
85  109
85  514
85  228
85  895
85  169
85  561
86  137
86  349
86  390
86  198
86  273
86  997
87  344
87  402
87  566
88  340
88  980
88  306
88  814
88  910
88  789
89  98
89  710
89  575
89  984
89  571
89  670
89  160
89  370
90  935
90  295
90  591
90  605
90  760
90  446
90  91
90  314
91  941
91  850
91  240
91  652
91  634
92  420
92  128
92  597
92  408
92  416
92  753
93  259
93  479
93  313
93  941
93  204
93  639
94  698
94  267
94  231
94  246
94  447
94  927
95  933
95  993
95  975
95  985
95  586
95  542
95  856
96  843
96  626
96  166
96  669
96  370
96  478
96  715
96  463
97  991
97  327
97  884
97  418
97  702
98  434
98  206
98  353
98  476
98  825
98  421
98  406
99  965
99  811
99  835
100  821
100  192
100  160
101  140
101  922
101  185
101  724
101  881
101  565
102  475
102  912
102  938
102  922
102  182
102  321
102  935
103  269
103  653
103  841
103  385
104  815
104  634
104  364
105  916
105  692
105  889
105  478
105  135
105  768
105  286
105  637
105  977
105  709
106  710
106  376
106  195
107  893
107  813
107  867
107  915
107  966
107  263
107  837
107  185
108  469
108  413
108  752
108  385
108  470
108  916
108  608
109  254
109  127
109  666
109  188
110  404
110  665
110  223
110  127
110  762
110  980
111  603
111  504
112  587
112  234
113  358
113  841
114  297
114  647
114  986
114  727
114  682
114  135
114  267
115  613
115  589
115  234
115  920
115  219
116  631
116  379
116  958
116  408
116  983
117  929
117  121
117  585
117  490
117  769
117  597
118  226
119  301
119  650
119  234
119  837
119  579
120  242
120  236
120  521
120  830
120  163
120  435
120  885
120  932
120  542
120  843
120  805
120  947
120  922
121  350
121  131
121  880
122  669
122  817
122  867
122  537
122  658
123  541
123  844
123  702
123  984
123  336
123  256
123  949
123  827
124  575
124  626
124  518
124  773
124  456
124  957
124  634
124  976
124  945
125  228
125  130
125  140
125  922
125  776
126  138
126  824
126  321
126  193
126  335
126  930
127  397
127  386
127  286
128  654
128  212
129  623
129  413
129  830
129  445
129  589
129  505
130  397
130  425
130  323
130  834
130  627
131  163
131  754
131  743
131  889
131  865
132  644
132  435
132  908
133  687
133  406
133  407
133  749
134  339
134  515
134  900
134  924
134  363
134  774
134  736
135  340
135  997
135  892
135  821
135  273
135  697
135  603
135  530
135  746
135  935
135  652
135  254
135  675
136  716
136  198
136  900
136  602
136  509
136  460
137  841
137  157
137  929
138  652
138  935
138  140
138  624
138  321
138  177
138  206
138  743
139  252
139  925
139  796
139  762
139  765
139  938
139  361
139  379
140  726
140  222
140  605
140  477
140  395
140  965
140  200
140  909
141  961
141  654
141  564
141  946
141  200
141  256
142  961
142  728
142  354
142  936
142  801
143  625
143  622
143  868
143  210
143  658
144  904
144  969
144  413
144  743
144  430
145  704
145  620
145  626
145  668
145  239
146  940
146  914
146  233
146  421
147  426
147  382
147  982
147  937
148  315
148  579
148  296
148  951
148  675
149  691
149  930
149  747
150  789
150  695
150  262
150  201
150  754
150  248
150  593
151  388
151  158
151  533
151  288
151  951
151  952
151  875
151  518
151  478
151  208
152  877
152  676
152  359
153  740
153  324
153  316
153  618
153  431
153  264
153  658
154  799
154  415
154  723
154  827
154  660
154  881
155  261
155  695
155  223
155  178
155  225
156  180
156  714
156  568
156  739
156  543
156  750
157  303
157  898
158  466
158  328
159  631
159  671
159  704
160  933
160  274
160  583
160  219
160  806
160  837
161  912
161  917
161  388
162  482
162  968
162  436
162  991
163  788
163  708
163  277
163  656
163  569
163  897
164  532
164  504
164  474
164  846
165  351
165  409
165  863
165  448
165  340
166  264
166  549
166  842
166  509
167  690
167  617
168  229
168  286
168  722
168  851
168  881
168  436
168  998
168  275
168  613
169  403
169  338
170  975
170  549
170  674
171  341
171  230
171  248
172  976
172  569
173  760
173  312
173  962
173  205
173  667
174  354
174  353
174  370
175  412
175  751
175  905
175  542
175  901
175  587
175  879
176  575
176  190
176  370
176  509
176  487
177  636
177  940
177  229
177  662
178  347
178  361
178  749
178  979
179  280
179  957
179  251
179  637
179  472
179  474
179  776
179  642
180  521
180  336
180  885
180  295
180  909
180  921
180  252
180  497
180  210
180  619
181  288
181  751
181  771
181  354
181  356
181  633
181  646
182  192
182  531
182  198
182  905
182  741
182  191
183  267
183  249
183  436
183  441
183  621
183  455
183  861
183  356
183  733
183  675
184  971
184  350
184  511
184  484
184  626
184  466
184  294
184  587
184  403
184  596
185  894
185  338
185  883
185  229
186  862
186  757
186  243
186  859
187  783
187  303
187  406
187  378
187  747
188  558
188  326
188  277
188  542
189  667
189  834
189  485
189  992
189  629
189  573
189  769
190  761
190  928
190  233
191  414
191  378
191  763
191  462
191  866
191  337
191  333
192  837
192  355
193  981
193  787
193  799
193  229
194  498
194  611
194  604
195  615
195  761
195  268
195  426
196  224
196  641
196  601
196  378
196  415
197  242
197  216
197  963
197  769
197  548
197  619
197  630
198  813
198  644
198  765
198  227
198  341
198  257
198  319
199  250
199  951
199  831
199  627
199  779
200  873
200  775
200  305
200  890
200  479
200  207
201  927
201  884
201  787
201  998
201  396
201  626
201  641
201  757
202  274
202  766
202  989
202  997
202  636
202  793
202  932
202  866
202  586
202  604
203  899
203  685
203  413
203  721
203  744
204  410
204  715
204  877
204  784
204  512
205  280
205  709
205  239
206  907
206  717
207  395
207  499
207  415
207  385
207  545
208  324
209  679
209  513
209  717
209  738
209  322
211  581
211  318
211  867
211  348
212  293
212  920
212  658
212  304
212  245
213  995
213  361
213  265
213  355
213  215
213  738
213  810
214  730
214  927
214  751
214  316
214  760
215  822
215  642
215  272
216  488
216  336
216  970
216  785
216  607
216  868
216  866
217  700
217  873
218  330
218  333
218  824
218  620
219  399
219  474
219  430
219  555
219  308
220  319
220  538
220  477
220  600
220  699
220  744
221  599
221  844
221  880
222  439
222  797
222  223
222  254
222  499
223  530
223  522
223  749
223  334
224  604
224  847
224  355
224  901
224  490
225  274
225  309
225  254
225  325
225  495
226  936
226  455
226  516
226  747
226  331
226  675
226  268
226  461
226  341
227  795
227  775
227  673
227  328
227  604
228  594
228  639
228  909
228  479
228  637
229  295
229  796
229  271
229  987
230  803
230  581
230  932
230  446
231  487
231  808
231  695
232  349
232  444
232  481
232  531
233  917
233  639
233  400
233  693
234  945
234  812
234  933
234  462
235  570
235  338
235  556
236  242
236  373
236  780
237  871
237  376
238  358
238  364
238  428
238  421
238  973
238  744
239  858
239  728
239  424
239  581
239  901
240  784
240  848
240  608
240  619
240  273
241  663
241  492
241  301
241  871
241  331
242  350
242  437
243  635
243  548
243  270
243  830
243  527
243  434
244  302
244  531
244  626
245  657
245  555
245  821
245  254
246  381
246  248
246  781
246  554
246  828
247  961
247  909
247  422
247  753
247  297
247  979
247  830
247  738
247  875
247  673
248  390
248  642
249  265
249  490
249  920
249  750
249  495
250  345
250  516
250  391
250  772
251  540
251  274
251  342
251  892
251  955
251  344
252  762
252  614
252  269
252  551
252  378
252  751
252  397
253  271
253  349
253  707
253  668
253  456
253  367
253  317
254  369
254  791
255  279
255  331
255  621
255  367
255  470
255  286
255  347
255  632
255  861
256  529
256  463
256  535
257  922
257  947
257  962
257  810
257  835
257  475
257  441
258  310
258  637
258  665
258  304
258  646
258  290
259  327
259  368
259  326
259  727
260  310
260  641
260  399
261  808
261  427
262  578
262  302
262  593
263  862
263  508
263  836
263  374
263  794
263  413
264  780
264  410
264  796
264  814
265  336
265  814
265  990
265  653
266  946
266  999
266  743
266  454
266  708
266  324
266  744
267  465
267  715
268  395
268  671
268  638
268  709
269  406
269  411
269  295
269  849
269  756
269  753
270  831
270  557
270  284
270  730
270  423
270  429
270  658
271  837
271  644
271  901
271  819
271  643
271  634
272  991
272  549
272  660
272  932
272  834
272  423
273  500
273  885
273  629
273  672
273  476
273  622
273  406
273  569
273  917
274  393
274  464
274  488
275  728
275  533
275  408
275  996
275  632
275  908
275  558
276  443
276  820
276  585
277  472
277  456
277  383
278  659
278  850
278  462
279  705
279  612
279  802
280  796
281  447
281  327
281  936
281  840
281  852
282  683
282  479
282  368
282  508
282  662
283  682
283  664
283  665
283  586
284  800
284  440
284  726
284  600
284  862
284  775
284  709
284  985
285  874
285  836
286  729
286  702
286  742
286  813
286  975
287  420
287  603
287  295
288  298
288  488
288  864
288  714
288  290
288  581
288  686
288  369
288  415
289  713
289  654
290  507
290  958
290  864
290  793
290  997
290  324
291  582
291  366
291  769
291  568
292  565
292  463
292  347
292  536
293  648
293  800
294  681
294  449
295  530
295  520
295  865
295  597
296  536
296  628
296  444
296  374
297  562
297  879
297  371
297  530
298  314
298  316
298  937
298  997
298  491
299  480
299  986
299  661
300  992
300  517
300  798
300  863
300  502
300  627
301  742
301  623
301  481
302  406
302  720
302  562
302  467
303  724
303  538
303  704
304  677
304  672
304  699
304  634
306  745
306  361
306  460
306  656
307  516
307  690
307  990
307  885
307  743
307  687
307  809
307  501
307  727
308  692
308  729
308  970
308  476
309  756
309  583
309  325
309  972
309  999
309  587
310  317
310  449
310  829
310  404
311  741
311  535
311  511
312  476
312  541
312  736
312  375
313  745
313  683
313  342
313  907
313  582
314  913
314  860
314  729
314  883
314  528
315  545
315  930
316  548
317  601
317  332
317  799
317  621
317  797
317  916
317  789
318  830
318  490
318  943
318  386
318  510
318  772
319  960
319  328
319  873
319  579
319  553
320  745
320  730
320  471
321  483
321  909
321  708
321  563
322  954
322  804
322  632
322  371
323  863
323  830
323  545
323  841
323  342
323  838
323  446
323  518
324  605
324  843
324  785
324  747
324  335
325  900
325  880
325  787
325  528
325  638
326  769
326  381
326  642
326  616
327  335
327  881
328  541
328  689
328  561
329  940
329  969
329  621
330  394
331  676
331  461
331  612
331  846
331  954
332  634
332  696
332  937
332  866
332  934
333  480
334  604
334  482
334  517
334  626
334  479
334  491
334  933
335  985
336  915
336  388
336  646
336  490
336  881
337  846
337  853
338  345
338  551
338  437
338  664
339  990
339  894
340  786
340  877
340  972
340  425
340  602
340  374
340  658
341  652
341  778
341  864
341  877
341  646
341  856
341  750
342  736
342  469
342  396
342  932
342  924
342  933
343  661
343  868
343  539
343  540
343  928
343  579
344  678
344  369
344  964
345  574
345  873
346  775
346  971
346  606
346  697
347  666
347  914
348  594
349  594
349  637
349  374
350  712
350  883
350  648
350  763
350  912
351  663
351  578
351  771
351  889
351  436
351  478
352  790
352  516
352  638
353  992
353  813
353  371
354  944
354  577
354  861
355  483
355  755
356  915
356  764
356  673
356  387
357  657
357  881
357  812
357  647
357  592
357  708
358  892
359  948
359  646
359  660
360  921
360  688
360  931
361  736
361  812
361  772
361  676
361  515
362  959
362  538
362  941
362  893
362  849
362  898
362  435
363  510
363  883
363  546
363  649
363  781
363  735
363  890
364  876
364  553
365  916
365  669
366  537
366  627
366  415
366  832
366  501
366  737
367  454
367  501
368  812
368  453
368  593
368  504
369  467
369  937
369  956
369  670
369  952
369  640
370  895
371  474
371  650
372  599
372  752
372  828
373  625
373  684
373  420
373  595
373  854
374  502
374  503
375  561
375  783
375  743
375  856
376  761
377  429
377  470
377  647
378  583
378  507
379  864
379  833
379  667
379  477
379  793
380  546
380  731
380  703
381  825
381  697
381  774
382  524
382  739
382  823
383  676
383  431
383  497
383  667
384  423
384  403
384  519
385  511
385  999
386  566
386  544
386  982
387  887
387  835
388  598
390  598
390  596
390  654
390  551
391  510
391  977
392  795
393  418
393  971
393  692
393  868
393  505
394  676
394  595
394  678
395  805
395  934
395  831
395  528
397  742
397  987
397  715
397  500
398  882
398  913
399  670
399  743
399  482
399  771
399  785
399  859
399  681
400  569
400  804
400  408
401  794
401  602
401  776
401  678
401  586
402  520
402  779
402  646
403  510
403  806
403  921
404  417
404  770
404  524
405  487
406  749
406  675
407  444
407  857
408  517
408  572
409  767
409  861
409  893
410  452
410  580
410  615
410  529
410  951
411  523
411  686
411  878
412  751
413  876
413  505
413  535
414  973
414  430
414  992
414  443
414  612
414  868
415  998
415  992
415  738
415  864
415  973
416  945
416  713
416  675
417  601
417  757
418  902
418  585
419  853
419  482
419  847
419  832
419  984
420  906
420  872
421  993
421  626
421  572
421  496
421  609
421  755
423  856
423  765
423  522
423  961
424  700
424  910
424  501
424  442
425  632
425  848
425  989
425  630
426  887
426  479
428  828
428  533
428  717
429  768
429  902
429  962
430  751
430  971
430  750
430  598
431  701
432  864
432  770
432  950
433  746
434  712
434  637
434  880
434  488
435  735
435  579
435  482
435  945
436  592
436  896
436  491
436  554
436  883
437  738
437  744
437  870
438  485
439  984
439  849
440  768
440  687
440  627
440  470
440  738
441  886
441  445
441  772
441  621
441  449
441  455
441  700
441  665
441  874
442  518
442  751
442  672
442  800
442  502
442  769
443  631
443  605
444  908
444  707
445  652
445  555
445  817
445  988
446  630
446  602
447  658
447  501
447  768
447  702
447  947
448  859
448  530
448  864
449  586
449  611
450  991
450  649
450  917
450  792
451  672
451  547
453  560
453  713
453  889
453  465
453  574
454  911
454  935
454  931
455  689
455  632
455  510
455  933
455  747
455  765
456  793
456  633
457  903
457  820
458  596
458  753
458  630
458  560
459  528
459  777
459  983
460  609
460  778
460  948
460  858
460  920
461  952
461  725
461  949
461  624
462  464
462  997
462  616
463  635
463  826
463  517
463  620
463  735
464  997
464  784
464  685
465  621
465  778
465  850
466  955
466  573
467  804
467  489
468  683
468  622
468  819
469  484
469  497
469  763
469  677
469  736
470  490
470  780
470  887
472  772
472  841
472  683
472  867
472  499
472  497
473  845
473  998
473  586
474  501
474  965
475  971
475  788
476  950
476  872
476  566
476  935
477  742
477  614
477  785
477  762
478  973
478  632
478  796
478  958
478  572
478  634
479  504
480  733
480  553
480  484
481  684
481  900
481  781
482  703
482  690
482  580
483  533
483  605
484  516
484  843
484  594
484  971
485  931
485  928
486  635
486  523
486  972
486  949
486  997
486  783
487  557
488  656
488  788
488  490
488  985
489  781
489  836
489  820
490  712
490  735
490  587
490  646
490  937
491  897
492  622
492  629
493  786
493  576
493  921
493  608
494  913
494  635
494  653
494  685
495  689
495  675
495  966
496  583
496  641
496  847
497  875
497  749
497  796
497  522
497  972
497  575
498  548
498  903
498  510
499  994
499  571
500  650
500  603
500  804
501  956
501  788
502  773
502  975
502  935
502  608
503  560
503  686
503  556
504  547
506  937
506  623
506  925
506  686
506  597
506  891
507  597
507  927
508  814
508  902
508  883
509  868
509  849
509  866
509  795
510  543
511  966
511  756
513  665
513  978
513  725
514  975
515  808
515  986
516  790
516  752
516  847
517  879
517  583
518  542
518  851
518  805
518  594
518  540
518  605
518  875
519  726
520  665
520  615
520  870
521  619
522  555
522  575
522  684
522  620
522  656
523  544
523  810
523  577
523  680
523  805
524  535
524  984
524  769
524  915
524  694
524  858
526  824
526  871
526  559
527  651
528  890
528  840
528  849
529  675
529  961
529  854
530  542
530  966
530  535
530  945
531  668
531  656
531  932
532  924
532  844
532  973
533  593
533  559
534  739
534  656
534  729
534  785
535  905
535  812
535  589
536  953
536  844
536  920
537  600
537  718
537  727
537  861
537  701
538  966
539  609
539  763
540  810
541  668
541  945
541  776
541  573
542  916
542  836
542  620
542  979
543  989
543  570
544  556
544  719
544  920
545  798
545  645
545  993
546  931
547  762
547  915
547  997
547  736
547  718
548  779
548  915
548  913
548  957
549  921
549  884
549  746
550  683
550  625
551  942
551  799
552  667
552  948
552  764
553  996
554  822
554  915
554  942
555  940
555  800
556  675
556  668
556  637
556  731
557  791
557  776
557  909
557  878
557  581
558  893
558  575
558  760
559  665
560  748
560  903
561  703
561  711
561  894
561  914
562  638
562  565
563  653
563  679
564  584
564  876
564  890
564  688
565  647
565  995
565  711
566  767
566  918
567  982
567  936
567  660
567  935
568  611
568  648
569  959
569  829
569  872
570  808
571  976
572  612
572  706
573  866
573  583
573  630
573  944
574  599
575  584
575  649
576  580
576  701
576  629
577  691
578  642
578  780
578  990
578  916
579  684
579  603
580  715
580  893
580  674
581  764
581  952
582  817
582  787
583  677
585  590
585  860
586  738
586  718
587  735
587  601
587  840
587  685
587  932
588  714
588  899
588  670
589  765
589  652
589  921
589  807
589  872
589  750
589  937
590  643
591  685
591  864
591  855
591  592
591  787
592  990
592  754
592  947
592  854
595  758
595  829
595  641
596  895
596  956
596  659
596  910
596  866
596  955
596  709
597  762
597  822
597  885
599  891
599  758
600  666
600  844
600  971
601  666
601  699
602  770
602  712
602  903
603  855
603  728
604  659
604  883
604  860
604  915
605  777
606  616
607  754
607  650
608  845
608  776
608  785
609  835
609  838
609  863
611  644
611  675
612  990
612  657
612  729
613  843
613  904
613  801
614  724
614  742
614  684
614  748
615  829
615  855
615  648
615  631
616  947
616  897
616  781
617  807
618  639
618  761
618  908
618  754
618  667
620  783
621  735
621  787
621  638
622  757
622  866
622  637
623  893
623  918
624  899
624  951
624  657
625  876
626  761
626  850
626  778
626  889
627  746
627  983
628  690
628  924
629  969
629  848
630  936
631  794
631  632
631  813
632  798
632  700
633  809
633  840
634  909
634  937
634  927
635  910
635  751
635  798
636  996
636  911
636  836
636  666
637  997
637  662
637  909
637  659
637  883
639  640
639  754
640  774
640  944
641  947
642  971
643  746
643  661
643  859
644  850
644  790
645  756
645  904
646  931
646  654
646  731
647  889
648  817
648  715
648  694
649  786
649  972
649  764
650  853
650  934
651  974
651  924
652  805
652  900
652  772
654  920
654  801
655  827
655  857
656  875
658  730
659  875
659  930
659  787
659  941
660  807
660  689
662  949
662  724
663  719
664  895
664  761
664  724
664  956
666  832
668  832
668  674
668  691
669  670
669  903
669  939
669  731
670  835
670  893
671  994
671  959
672  682
672  709
672  760
672  756
673  913
673  834
673  790
674  915
674  959
674  710
675  900
676  811
676  979
676  966
677  989
678  784
678  874
679  834
679  700
679  781
680  697
682  765
682  993
682  710
682  736
682  777
682  887
682  904
682  693
683  772
683  978
684  963
685  714
686  785
686  730
686  937
687  994
688  884
688  983
688  967
689  875
689  913
689  910
689  718
690  941
690  878
692  919
693  798
693  757
693  723
693  777
694  816
694  781
695  748
695  863
696  872
696  737
696  850
696  731
696  718
697  951
697  927
698  861
699  887
700  850
700  732
700  733
701  737
701  850
701  718
702  960
702  741
702  737
703  718
703  798
703  792
703  933
704  777
704  920
704  997
704  808
705  764
705  986
706  964
706  860
706  978
708  746
708  892
708  728
709  935
710  979
711  807
712  790
712  750
712  755
712  951
713  823
714  786
714  908
714  959
715  731
717  756
717  770
718  871
719  815
719  960
721  757
721  788
721  989
721  857
722  792
722  964
723  738
724  861
725  740
725  766
726  839
726  862
727  990
727  800
728  769
729  890
729  909
729  945
730  926
731  947
731  895
732  866
734  846
735  876
735  936
735  929
736  891
738  891
738  808
738  917
740  910
740  823
740  895
740  930
742  766
743  893
744  959
745  984
745  878
747  892
748  954
749  778
750  786
751  835
751  813
752  873
754  954
754  860
755  980
756  988
756  768
757  759
758  886
759  805
759  820
761  855
761  859
761  971
762  908
762  793
762  950
763  953
763  975
763  892
765  989
765  881
765  852
765  822
767  955
769  887
770  919
771  988
772  874
772  941
773  984
773  901
773  881
773  868
773  860
774  825
775  827
775  855
776  998
777  815
777  890
778  851
779  842
779  812
780  922
782  784
782  846
783  877
783  923
784  968
785  850
786  787
786  840
787  806
788  902
788  937
790  910
790  906
790  816
791  804
792  833
793  958
794  862
794  860
794  869
796  860
796  875
797  980
798  813
799  839
800  894
800  989
802  824
802  809
804  856
804  843
805  928
806  843
806  856
806  915
807  917
807  907
813  884
814  840
816  852
816  892
818  939
819  869
820  930
822  890
824  945
826  848
826  861
829  943
829  914
830  901
831  965
832  889
832  934
832  936
832  858
833  923
833  841
834  992
836  951
837  847
838  975
839  932
839  914
842  933
843  971
844  909
844  893
844  953
845  959
846  937
846  915
848  952
849  947
849  999
849  862
850  945
850  951
851  866
852  909
853  883
854  877
854  872
855  937
856  956
856  991
858  961
859  862
860  872
863  945
864  930
867  981
869  982
870  907
871  965
872  992
874  889
881  988
882  995
883  982
884  976
884  965
885  931
885  956
886  947
886  901
886  960
887  934
890  973
891  993
892  935
892  900
894  954
896  992
897  974
898  998
899  966
902  952
902  985
905  956
907  980
909  922
909  951
912  958
914  923
914  939
915  997
916  979
916  984
917  993
927  952
931  999
932  996
934  977
937  950
937  959
938  971
940  953
942  970
948  981
948  999
953  987
967  998
973  996
988  994
