1 1
1 2
1 28
1 284
1 293
1 343
1 363
1 378
1 631
1 986
1 987
1 1004
2 1
3 3
3 4
3 5
3 6
3 7
3 8
3 9
3 10
3 11
3 12
3 13
3 14
3 15
3 16
3 17
3 18
3 19
3 20
3 21
3 25
3 69
3 70
3 71
3 72
3 73
3 74
3 75
3 76
3 77
3 78
3 79
3 80
3 81
3 82
3 83
3 84
3 85
3 86
3 87
3 88
3 89
3 90
3 91
3 92
3 93
3 94
3 95
3 96
3 97
3 98
3 99
3 100
3 101
3 102
3 103
3 104
3 105
3 106
3 107
3 108
3 109
3 110
3 111
3 112
3 113
3 114
3 115
3 116
3 117
3 118
3 119
3 120
3 121
3 122
3 123
3 124
3 125
3 126
3 127
3 128
3 129
3 130
3 131
3 132
3 133
3 134
3 135
3 136
3 137
3 138
3 139
3 140
3 141
3 142
3 143
3 144
3 145
3 146
3 147
3 148
3 149
3 150
3 151
3 152
3 153
3 154
3 155
3 156
3 157
3 158
3 159
3 160
3 161
3 162
3 163
3 164
3 165
3 166
3 167
3 168
3 169
3 170
3 171
3 172
3 173
3 174
3 175
3 176
3 177
3 178
3 179
3 180
3 181
3 182
3 183
3 184
3 185
3 186
3 187
3 188
3 189
3 190
3 191
3 192
3 193
3 194
3 195
3 196
3 197
3 198
3 199
3 200
3 201
3 202
3 203
3 204
3 205
3 206
3 207
3 208
3 209
3 210
3 211
3 212
3 213
3 214
3 215
3 216
3 217
3 218
3 219
3 220
3 221
3 222
3 223
3 224
3 225
3 226
3 227
3 228
3 229
3 230
3 231
3 232
3 233
3 234
3 235
3 236
3 237
3 238
3 239
3 240
3 241
3 242
3 243
3 244
3 245
3 246
3 247
3 248
3 249
3 250
3 251
3 252
3 253
3 254
3 255
3 256
3 257
3 258
3 259
3 260
3 261
3 262
3 263
3 264
3 265
3 266
3 267
3 268
3 269
3 270
3 271
3 272
3 273
3 274
3 275
3 276
3 280
3 302
3 303
3 307
3 314
3 332
3 376
3 389
3 422
3 445
3 446
3 989
4 3
5 3
6 3
18 3
20 3
21 3
22 23
22 26
22 387
22 993
23 22
23 33
23 37
24 6
24 24
24 29
24 51
24 71
24 243
24 299
24 300
24 301
24 307
24 308
24 361
24 367
24 449
24 450
24 451
24 452
24 453
24 454
24 455
24 456
24 457
24 458
24 463
27 3
28 28
28 29
28 45
28 55
28 63
28 64
28 289
28 296
28 299
28 333
28 366
28 367
28 377
28 388
29 28
33 23
33 34
33 35
33 44
33 277
33 278
33 279
33 317
33 331
33 347
33 377
33 392
33 393
33 394
33 395
33 396
33 397
33 398
33 399
33 400
33 401
33 418
33 423
33 424
33 425
33 426
33 427
33 428
33 429
33 430
33 431
33 432
33 433
33 434
33 435
33 436
33 437
33 438
33 439
33 440
33 441
33 442
33 443
33 855
36 33
36 37
37 281
38 37
39 39
39 191
39 378
39 379
39 380
39 381
39 382
40 28
41 28
42 28
42 45
43 28
44 33
45 41
45 42
45 45
45 46
45 47
45 48
45 52
45 53
45 291
45 292
45 296
45 312
45 313
45 347
46 45
47 45
48 45
51 24
52 45
55 28
56 3
65 3
66 3
67 3
69 3
71 3
71 24
107 3
109 3
277 33
278 33
279 33
281 37
289 28
296 45
299 28
309 28
310 28
311 3
312 45
335 28
346 45
356 28
357 28
361 24
377 28
378 1
384 3
388 28
390 37
405 24
417 45
419 45
420 45
422 3
444 3
631 1
855 33
990 28
991 28
992 33
997 22
998 22
999 22
1000 22
1001 22
1002 37
