0  665
0  469
0  889
0  765
0  445
0  13
0  912
0  472
0  629
0  660
1  340
1  851
1  908
1  810
1  945
1  155
2  154
2  416
2  837
2  578
2  168
2  958
3  456
3  545
3  413
3  388
4  695
4  718
4  571
5  105
5  134
5  258
5  700
5  498
5  997
5  991
6  794
6  670
6  243
6  912
7  785
7  663
7  237
7  364
7  489
7  377
7  446
7  295
7  463
7  460
8  103
8  474
8  606
8  284
8  484
9  907
9  757
9  129
10  787
10  453
11  135
11  260
12  160
12  518
12  894
12  853
12  436
12  38
12  270
12  434
13  252
13  382
13  916
14  576
14  951
14  131
14  769
14  700
15  77
15  951
15  45
15  47
15  936
16  311
16  351
16  92
16  592
16  490
16  124
16  697
16  465
16  972
17  161
17  105
18  869
18  531
18  760
18  829
18  952
19  642
19  726
19  920
20  219
20  210
20  499
20  544
20  642
20  251
20  587
21  396
21  23
21  526
21  535
21  966
21  436
22  112
22  464
22  883
22  79
22  589
22  101
22  303
22  288
22  988
22  182
22  607
22  690
22  141
22  178
23  455
23  340
23  332
23  642
23  413
23  291
24  94
24  822
24  973
24  95
24  88
24  976
24  179
25  231
25  675
25  288
25  271
25  859
25  790
26  40
26  83
26  556
26  486
27  48
27  531
27  313
27  274
27  675
28  291
28  776
28  632
28  941
28  798
28  296
29  864
29  771
30  505
30  458
30  226
30  878
30  964
30  909
31  228
31  889
31  175
31  706
31  107
31  838
31  236
31  621
31  736
31  909
31  672
32  183
32  569
32  437
32  843
32  184
32  470
32  738
32  545
32  269
32  909
33  104
33  123
33  949
33  148
33  86
33  682
33  715
34  936
34  42
34  535
34  116
34  800
34  214
35  576
35  930
36  387
36  380
36  656
37  370
37  89
37  928
37  101
37  229
37  710
37  478
37  998
37  612
38  628
38  287
38  196
38  638
38  385
38  342
38  195
39  944
39  107
39  508
39  719
39  941
39  516
40  971
40  277
40  242
41  246
41  979
41  356
41  880
41  788
41  142
41  743
41  99
42  937
42  660
42  102
42  421
43  342
43  523
43  424
43  481
44  917
44  750
44  591
44  806
44  188
44  729
44  798
44  129
45  958
45  414
45  493
45  953
45  474
45  202
45  930
46  254
46  275
46  323
46  82
46  105
47  651
47  783
47  944
47  142
47  717
47  507
48  957
48  308
48  240
48  875
48  683
48  121
49  440
49  204
50  883
50  997
50  301
50  517
50  773
51  340
51  626
51  562
51  233
51  646
51  95
51  767
51  793
51  597
52  621
52  266
52  123
52  826
53  414
53  884
53  384
53  57
53  783
53  236
53  81
53  615
54  530
54  423
54  709
54  914
54  326
54  894
54  183
54  349
54  635
54  378
55  130
55  442
55  308
55  532
55  530
56  603
56  877
56  329
57  162
57  124
57  859
57  777
57  945
57  768
57  256
57  772
58  96
58  151
58  654
59  300
59  847
59  323
59  785
60  64
60  260
60  736
60  191
60  684
60  73
60  319
60  749
60  798
60  562
61  744
61  475
61  487
61  844
61  423
61  802
61  290
62  471
63  436
63  325
63  195
63  877
63  858
63  370
63  461
63  262
63  155
63  344
63  507
63  775
63  751
64  273
64  130
64  740
64  634
64  657
64  250
64  257
65  489
65  832
65  399
65  406
66  495
66  120
66  488
66  549
66  960
66  428
67  362
67  658
67  560
67  655
67  472
67  813
68  253
68  273
68  767
68  504
69  254
69  260
69  328
69  472
69  966
69  441
69  436
69  800
70  723
70  466
70  421
70  814
70  785
70  434
70  636
71  667
71  580
71  973
72  474
73  700
73  380
73  376
73  476
73  891
74  947
74  632
74  75
74  812
74  787
74  599
75  701
75  252
75  139
75  933
76  394
76  981
76  466
76  939
76  763
76  699
77  971
77  569
77  175
78  796
78  416
78  298
78  833
78  921
78  376
78  526
79  620
79  745
79  91
79  695
79  648
79  140
79  107
79  142
79  725
80  773
80  902
80  844
80  491
81  796
81  605
81  299
81  478
81  410
82  843
82  168
82  929
82  558
82  689
82  868
83  626
83  682
83  306
84  307
84  145
84  998
84  674
84  926
84  862
85  296
85  540
85  984
85  268
85  652
85  899
86  596
86  219
86  331
86  652
86  807
87  138
87  773
87  619
87  820
88  302
88  837
88  145
88  896
88  130
89  971
89  959
89  490
89  769
89  271
89  309
89  441
90  472
90  652
90  624
90  736
90  114
90  397
90  381
90  547
90  145
91  796
91  254
91  685
91  896
91  430
91  828
92  602
92  813
92  213
92  890
92  739
93  486
93  233
93  832
93  278
93  675
93  931
94  207
94  652
94  501
94  641
94  320
94  403
95  540
95  137
95  275
95  189
95  627
96  931
96  622
96  243
96  587
96  551
96  455
96  117
96  105
96  456
97  479
97  948
97  366
97  623
97  157
98  996
98  155
98  463
98  164
98  267
98  550
98  503
98  447
98  545
99  824
99  546
100  837
100  897
100  892
101  692
101  361
101  985
101  683
101  472
102  433
102  402
102  183
102  781
102  760
102  119
103  135
103  950
103  253
103  160
104  280
104  646
105  827
105  686
105  516
105  769
105  893
105  579
105  109
106  421
106  773
106  604
107  523
107  936
107  326
107  501
107  151
107  848
108  313
108  208
108  845
108  180
108  219
108  474
108  421
109  615
109  390
109  805
109  402
110  249
110  614
110  369
110  539
110  493
110  446
111  756
111  367
111  804
112  362
113  374
113  223
114  273
114  561
114  880
114  516
114  470
114  563
115  604
115  938
115  417
115  862
115  154
116  913
116  348
116  393
116  230
117  416
117  426
117  702
117  796
117  524
118  513
118  386
119  356
119  304
119  240
119  847
120  561
120  915
120  511
120  246
120  790
120  934
120  125
120  850
120  455
120  736
120  616
120  175
121  460
121  778
121  274
121  577
122  760
122  229
122  537
122  788
122  442
122  738
123  486
123  978
123  372
123  919
123  490
123  776
124  166
124  274
124  428
124  951
124  268
124  426
124  374
125  885
125  908
125  419
125  188
126  331
126  415
126  562
126  520
126  314
126  670
126  895
127  441
127  891
127  505
127  915
127  292
128  351
128  753
128  877
129  805
129  780
129  469
129  847
129  196
130  915
130  697
130  400
131  644
131  154
131  349
131  591
131  754
132  924
132  291
132  441
132  703
133  685
133  379
133  548
133  244
134  179
134  135
134  738
134  809
134  591
134  974
135  668
135  664
135  881
135  216
135  256
135  139
135  877
135  643
135  808
135  281
135  245
135  985
135  683
135  845
136  258
136  661
136  366
136  738
136  659
136  179
136  599
136  173
137  795
137  296
137  204
138  406
138  729
138  809
138  621
138  672
138  586
138  266
138  979
139  275
139  866
139  773
139  398
139  346
139  700
139  180
140  310
140  915
140  659
140  343
140  219
140  706
140  369
140  854
140  175
140  658
141  923
141  528
141  333
141  273
141  301
142  830
142  425
142  996
143  453
143  491
143  229
143  619
143  604
144  458
144  871
144  708
144  307
144  355
144  290
145  197
145  742
145  237
145  272
146  706
146  731
146  147
146  478
147  263
147  333
147  368
148  787
148  878
148  484
148  614
149  569
149  565
149  361
149  793
150  755
150  523
150  849
150  297
150  284
150  350
150  176
151  196
151  165
151  488
151  832
151  696
151  424
151  608
151  905
152  298
152  420
152  301
153  682
153  164
153  766
153  739
153  337
153  567
153  501
154  675
154  529
154  934
154  821
155  933
155  935
156  415
156  986
156  580
156  514
156  882
156  693
156  259
157  453
157  690
158  496
158  922
158  201
159  979
159  378
159  463
160  791
160  243
160  577
160  913
160  915
160  500
161  941
161  263
162  542
162  171
162  684
162  797
163  488
163  565
163  221
163  916
163  361
163  862
163  874
163  393
164  685
164  575
164  757
165  910
165  512
165  622
165  735
166  616
166  447
166  633
166  213
167  257
167  835
168  376
168  556
168  595
168  401
168  772
168  899
168  300
169  580
169  772
169  325
170  328
170  227
170  876
171  916
171  861
172  459
172  752
172  477
173  290
173  282
173  851
173  431
174  245
174  592
174  201
175  326
175  841
175  786
175  425
176  702
176  793
176  621
176  300
177  190
177  299
177  294
177  571
177  829
177  714
178  415
178  936
178  521
178  226
179  718
179  253
179  418
179  367
179  235
179  698
180  423
180  892
180  697
180  189
180  931
180  732
180  187
180  530
180  314
180  884
181  949
181  593
181  604
181  735
181  275
181  406
181  909
181  527
182  267
182  632
182  813
182  605
182  528
182  563
183  612
183  812
183  615
183  505
183  355
183  564
183  344
183  923
184  412
184  976
184  917
184  724
184  916
184  861
184  224
184  880
184  859
185  545
185  967
185  395
185  890
185  931
185  804
185  341
185  383
186  497
186  893
186  601
186  201
187  202
187  574
187  216
187  795
187  825
188  788
188  822
188  721
188  909
188  260
189  883
189  682
189  840
189  231
189  258
189  634
190  252
190  248
190  220
191  315
191  668
191  888
191  992
191  711
191  516
191  459
192  978
192  754
192  322
192  379
193  581
193  273
193  735
193  481
193  791
194  198
194  490
194  600
194  669
195  885
195  765
195  913
196  223
196  974
196  265
197  664
197  401
197  581
197  799
197  203
197  302
198  264
198  423
198  556
198  577
198  988
198  970
198  446
198  670
198  973
198  639
199  626
199  831
199  451
199  929
199  484
199  860
199  279
199  343
200  259
200  218
200  695
200  486
200  365
200  909
200  430
200  811
201  675
201  997
201  248
201  405
201  375
201  618
202  958
202  286
202  948
202  947
202  589
202  341
202  274
202  778
202  935
203  583
203  443
203  205
203  957
204  573
204  443
204  530
204  239
204  999
205  629
205  395
205  881
205  590
206  630
206  883
206  982
206  415
207  834
207  901
207  547
207  520
207  712
208  819
209  510
209  297
209  927
209  609
209  642
210  751
210  436
211  982
211  546
211  623
211  954
212  570
212  762
212  231
212  410
212  889
212  510
213  782
213  484
213  882
213  225
213  612
214  344
214  998
214  920
214  256
215  860
215  621
215  858
215  280
216  603
216  799
216  769
216  867
216  422
216  897
217  902
217  935
218  806
218  866
218  421
218  238
219  838
219  236
219  548
220  411
220  774
220  508
220  778
220  603
221  435
221  388
221  622
221  319
222  625
222  439
222  596
222  994
222  810
222  361
223  354
223  407
223  284
223  762
223  434
223  429
223  240
223  966
224  612
224  713
224  728
224  475
224  316
224  462
224  883
225  444
225  234
225  361
225  232
225  299
226  650
226  626
226  295
226  569
226  632
226  518
226  765
226  289
226  616
227  496
227  702
227  287
227  603
227  627
227  721
228  806
228  605
228  278
228  779
228  611
228  596
228  810
228  910
229  910
229  703
229  578
229  390
229  508
230  374
230  340
230  661
230  691
230  633
231  462
232  499
232  757
232  399
233  337
233  823
233  798
233  597
234  761
234  360
234  255
234  502
234  902
234  901
234  831
235  839
235  743
235  522
236  487
236  647
238  901
238  272
238  291
238  932
238  465
239  776
239  498
239  345
239  544
239  730
239  604
240  434
240  368
240  566
241  654
241  331
241  437
241  286
241  709
241  984
242  487
242  688
242  937
242  646
243  356
243  669
243  410
243  637
244  620
244  771
245  351
245  646
245  381
246  288
246  371
246  766
246  509
247  469
247  652
247  705
247  584
247  995
247  932
247  704
247  482
247  866
247  689
247  585
248  327
248  251
248  775
249  765
249  564
249  509
249  881
249  606
249  607
250  873
250  600
250  461
250  615
250  703
251  575
251  306
251  853
251  395
251  815
252  575
252  288
252  961
252  799
252  742
252  982
253  479
253  488
253  367
253  633
253  395
254  632
254  342
254  630
254  363
255  418
255  914
255  579
255  402
255  470
255  430
255  483
255  361
256  910
256  898
257  670
257  448
257  502
257  594
257  985
257  454
258  524
258  616
258  928
258  621
259  824
259  571
259  940
261  937
261  549
261  793
262  570
262  320
262  530
262  510
263  426
263  920
263  975
263  714
263  349
264  528
264  849
264  937
264  754
264  868
265  659
265  314
265  974
265  650
265  543
266  982
266  999
266  868
266  688
266  902
267  310
267  704
267  863
268  947
268  696
268  836
268  715
269  763
269  476
269  611
269  719
269  309
269  494
269  294
270  335
270  667
270  683
270  627
270  406
270  995
270  492
271  704
271  776
271  634
271  843
271  932
271  762
271  972
272  987
272  497
272  792
272  596
272  634
273  411
273  937
273  947
273  349
273  365
273  506
273  284
274  917
274  910
274  843
274  486
275  991
275  324
275  602
275  757
276  938
276  956
276  714
276  988
276  385
277  962
277  533
277  865
277  460
277  412
278  314
278  352
278  465
279  864
279  321
279  869
279  722
280  805
280  659
281  467
281  414
281  937
281  690
282  435
282  592
282  441
282  854
283  729
283  572
283  357
283  751
284  656
284  413
284  467
284  326
284  400
285  534
285  649
285  417
286  411
286  755
286  438
286  443
286  554
286  686
286  331
286  685
287  502
287  980
287  553
288  448
288  724
288  317
288  439
288  881
288  640
288  660
289  309
289  864
290  867
290  975
290  765
290  533
290  435
292  656
292  859
292  787
292  969
293  298
293  860
293  528
293  295
294  689
294  794
295  325
295  478
295  950
295  955
295  589
295  646
296  730
296  603
297  745
297  537
297  406
297  464
297  787
298  657
298  485
298  500
298  798
298  755
298  764
299  466
300  910
300  966
300  761
301  832
301  737
302  387
302  396
302  344
302  683
303  885
303  876
303  748
303  870
304  516
304  518
304  678
304  884
304  463
305  863
306  699
306  631
306  637
306  735
306  495
307  454
307  626
307  695
307  343
307  627
307  804
307  413
308  619
308  695
308  808
308  406
308  945
309  675
309  335
309  618
309  843
309  492
310  691
310  526
310  689
310  981
311  569
311  332
311  499
312  780
312  322
312  541
312  381
312  767
313  654
313  664
313  918
313  462
313  832
314  672
314  535
314  830
314  404
315  731
315  334
316  661
316  658
316  781
317  420
317  439
317  780
317  397
317  461
317  741
317  887
317  516
317  801
318  586
318  460
318  363
318  430
318  436
318  987
318  825
319  626
319  917
319  341
319  482
319  895
319  551
320  336
321  641
321  999
321  589
321  751
321  992
321  681
322  845
322  767
322  343
323  829
323  704
323  580
323  330
323  682
323  930
323  947
324  340
324  888
324  848
324  394
324  401
324  331
324  861
324  930
325  963
325  555
325  536
325  968
326  761
326  984
326  336
327  744
327  342
327  504
327  658
327  477
328  752
328  541
328  380
328  982
329  941
329  496
330  660
331  560
331  601
331  558
331  635
332  973
332  548
332  959
332  637
332  855
332  602
332  703
333  468
334  536
334  726
334  411
334  743
334  739
334  646
334  602
334  608
334  903
335  880
335  684
336  909
336  956
336  484
336  726
336  855
336  718
336  691
337  659
338  863
338  670
338  378
338  686
338  691
338  574
338  497
338  920
339  557
339  876
339  859
340  554
340  355
340  631
340  511
340  410
341  965
341  998
341  953
341  802
341  413
341  614
341  908
342  428
342  813
342  714
342  909
342  740
343  413
343  868
344  790
345  455
345  792
345  450
346  728
346  665
346  866
346  652
346  455
347  889
347  366
347  393
347  359
347  551
348  425
348  956
349  973
349  479
350  597
350  979
350  864
350  437
350  440
350  840
350  370
351  598
351  909
351  852
351  921
351  873
351  677
352  470
352  971
353  518
353  870
353  637
353  785
353  831
354  754
354  512
354  776
354  378
354  679
354  690
354  789
355  589
355  951
356  425
356  643
356  933
356  362
357  480
357  942
357  715
357  595
357  644
358  951
358  769
358  490
359  509
359  786
359  984
360  472
360  700
361  534
361  443
361  414
362  933
362  875
362  702
362  728
362  520
363  827
363  645
363  771
363  478
363  812
363  665
364  883
364  860
364  517
365  862
366  858
366  511
366  564
366  571
367  750
367  852
367  532
368  622
368  415
368  573
368  950
368  822
369  935
369  639
369  414
369  697
369  585
369  429
369  796
370  518
370  508
371  510
371  712
371  958
371  936
372  913
372  448
373  622
373  535
373  868
373  899
373  675
373  697
374  572
374  830
374  839
375  476
375  784
375  378
375  550
376  768
377  652
377  648
377  638
378  889
379  893
379  639
379  915
379  959
379  714
380  927
381  961
381  850
382  676
382  953
382  572
383  566
383  783
383  921
383  673
384  777
384  869
385  901
385  612
385  991
386  879
386  794
386  917
386  951
387  391
387  795
387  934
388  591
388  652
388  875
388  469
390  641
390  635
390  953
390  670
391  934
391  850
391  611
391  609
392  555
392  821
393  842
393  946
393  789
394  653
394  498
395  794
395  581
395  891
396  643
397  604
397  758
397  859
397  669
397  469
398  744
398  835
398  608
398  818
399  989
399  631
399  461
399  901
399  646
399  455
399  931
399  545
400  596
400  856
400  768
401  729
401  956
402  883
403  624
403  744
403  506
403  784
403  409
404  597
404  480
404  458
404  841
404  410
405  504
406  623
406  850
406  415
406  768
407  834
407  582
407  742
408  639
408  561
408  776
408  667
408  694
408  613
409  858
409  786
409  941
409  965
410  454
410  490
411  973
411  745
413  436
413  482
414  855
414  530
415  891
415  584
415  573
415  621
415  892
415  971
416  866
416  445
417  430
418  444
418  853
419  570
419  763
419  497
419  772
420  951
420  723
420  703
420  844
421  547
421  600
421  747
421  809
423  744
423  833
423  553
423  845
424  806
424  892
424  449
425  932
425  693
425  447
425  480
426  912
426  798
427  834
428  513
429  876
429  997
429  909
429  763
430  676
430  864
431  864
431  442
432  572
432  752
432  961
434  884
434  889
435  509
435  761
435  718
435  544
436  528
436  541
436  826
437  855
437  483
437  611
437  510
440  498
440  641
440  751
440  890
440  893
441  624
441  712
441  646
441  518
441  785
441  877
441  847
442  822
442  510
442  708
442  561
443  761
443  513
444  535
444  866
444  541
445  941
445  647
445  488
445  601
445  944
446  787
446  926
447  728
447  811
447  801
447  583
447  992
448  594
448  863
449  460
449  844
449  834
449  540
450  747
450  973
450  802
451  718
451  728
452  479
453  817
453  724
453  849
453  637
453  954
454  624
454  779
455  786
455  709
455  961
455  730
455  524
456  523
456  680
456  808
456  867
457  547
457  745
458  863
459  626
460  768
460  654
460  956
461  998
461  972
461  567
462  583
462  596
462  770
463  875
463  971
463  902
463  764
463  566
464  724
464  575
464  954
465  576
465  710
465  496
465  630
466  781
467  614
467  861
468  996
468  560
469  967
469  490
469  583
470  893
470  750
470  736
472  922
472  565
472  959
473  474
473  850
473  735
474  735
474  774
475  587
475  538
476  564
476  772
476  865
476  887
476  683
477  479
477  586
477  662
477  836
477  945
477  962
477  750
478  904
478  636
478  507
478  784
478  869
479  885
479  992
479  620
480  506
480  565
481  892
481  812
481  705
482  856
482  855
482  760
482  744
482  715
482  683
483  517
483  569
484  860
484  501
484  937
485  582
485  729
485  666
485  549
486  729
487  831
488  515
488  952
488  907
489  787
489  905
490  916
490  544
490  591
490  664
490  573
491  745
491  816
492  599
492  909
493  736
493  701
493  522
494  993
494  530
494  648
495  852
495  890
495  710
497  864
497  866
497  556
497  605
497  756
497  935
498  721
499  676
499  796
499  618
499  696
500  887
500  762
500  614
500  848
500  765
501  975
501  578
501  579
501  688
502  975
502  617
502  990
502  711
503  752
503  515
503  650
504  997
504  650
504  965
506  533
506  515
506  876
506  963
507  549
508  977
508  635
509  642
509  914
509  621
510  816
510  529
511  567
511  682
511  934
513  726
513  749
514  589
515  751
515  666
515  540
516  665
516  817
517  813
517  913
517  936
518  840
518  902
518  937
518  758
518  843
519  555
519  557
520  983
520  646
521  829
521  681
522  897
522  841
522  891
522  637
522  950
522  937
523  758
523  557
523  711
524  900
524  881
524  966
524  590
524  997
527  922
527  849
528  616
528  601
529  934
529  738
529  589
530  937
530  587
530  790
531  866
531  667
531  613
531  897
531  645
532  975
532  623
533  757
533  586
533  849
534  712
534  783
535  611
535  747
535  542
535  812
536  756
536  954
536  824
537  998
537  989
537  786
537  556
537  611
537  829
538  740
538  770
538  692
538  855
539  796
539  678
541  639
541  901
541  856
541  747
542  628
542  871
542  658
542  914
542  971
542  856
542  696
542  845
542  980
543  793
543  916
543  892
544  731
545  631
545  922
546  881
547  794
547  613
547  757
547  704
548  724
548  997
548  894
548  935
548  873
549  592
549  598
550  643
551  916
551  933
552  994
552  860
552  843
552  825
553  991
553  558
554  956
554  686
554  945
554  773
555  568
555  815
555  609
555  591
556  764
556  699
556  925
557  761
557  843
557  884
557  920
558  808
558  785
559  990
559  694
559  806
560  759
560  896
561  586
561  929
561  666
561  999
562  751
563  864
564  669
564  918
564  578
565  637
565  775
566  952
566  644
567  881
568  958
568  730
568  684
569  914
569  738
570  907
571  708
571  951
572  773
573  644
573  785
573  673
574  883
574  604
575  851
575  708
575  578
575  736
576  861
576  872
577  878
577  845
578  753
579  895
579  599
579  636
579  638
580  927
580  835
581  747
581  945
581  840
581  676
582  615
582  911
583  886
583  626
583  640
584  846
585  709
585  615
585  703
586  726
586  608
586  601
587  719
587  771
587  793
587  966
587  717
587  749
587  953
588  970
588  648
588  866
589  779
589  592
589  595
591  932
592  937
592  687
592  677
593  807
593  977
593  693
594  762
594  627
594  783
594  814
595  738
595  875
595  600
596  996
596  601
596  643
596  956
596  649
596  608
597  790
597  857
597  905
597  748
597  600
598  997
599  952
600  805
600  678
601  656
601  886
602  945
602  972
602  952
603  689
603  754
604  862
604  846
604  705
605  930
605  872
605  893
607  707
608  640
608  898
609  894
609  856
609  933
612  749
612  618
612  750
613  658
613  989
614  925
615  740
615  717
615  663
616  966
617  683
618  787
618  942
618  922
619  932
620  763
620  905
620  738
620  988
621  863
621  703
621  775
622  955
622  670
623  729
624  850
624  915
625  923
625  679
625  830
626  731
626  715
626  746
626  743
626  834
627  924
627  781
627  690
628  649
629  922
629  832
629  903
629  666
630  835
630  675
630  765
631  857
631  709
631  754
631  900
632  815
632  648
632  833
632  899
632  959
633  736
633  935
634  737
634  766
634  845
634  660
634  708
634  812
635  761
635  965
635  846
635  980
635  640
636  943
636  979
636  738
636  733
637  874
637  920
637  821
637  976
637  787
637  758
638  687
638  956
638  872
639  957
639  890
641  673
641  754
642  992
642  735
643  927
644  994
644  687
644  924
645  992
645  889
646  769
647  669
647  783
647  816
647  976
648  800
648  676
649  930
649  856
649  848
650  901
650  959
651  795
651  724
652  808
652  971
653  742
653  790
653  881
654  740
654  778
654  979
655  660
655  921
656  666
656  912
656  881
657  986
657  927
658  676
658  660
659  947
659  741
659  999
661  798
662  701
662  906
662  892
662  962
663  714
664  900
664  899
664  936
665  804
665  990
665  856
666  835
666  709
667  850
667  895
667  870
668  846
668  771
668  671
668  891
668  853
668  829
668  898
669  696
669  871
671  837
671  984
671  731
672  910
672  951
672  776
672  885
672  984
673  892
673  975
673  932
673  816
674  961
674  762
674  854
674  977
674  692
674  872
675  830
675  820
675  951
675  860
675  872
676  757
676  993
677  981
677  886
677  960
678  947
678  772
679  769
679  902
679  886
679  788
680  815
680  876
682  892
682  701
682  874
682  779
682  861
684  949
684  773
685  991
685  860
685  907
686  844
686  964
686  858
687  988
688  786
688  940
689  790
689  709
689  772
689  800
690  695
690  708
692  764
693  800
693  997
693  708
694  887
694  797
694  849
696  788
696  713
696  842
697  843
697  788
698  914
699  904
699  727
700  876
700  800
700  712
701  713
701  873
702  840
702  904
702  710
702  824
703  830
703  872
704  883
704  872
704  875
706  769
707  919
708  971
708  735
709  907
709  791
710  885
711  935
711  728
712  722
712  900
712  948
713  765
713  885
714  887
715  737
715  861
715  721
716  856
716  997
717  953
717  948
718  810
718  778
718  883
718  727
718  783
719  884
720  750
721  761
722  873
723  804
725  904
725  814
725  850
727  765
727  868
727  743
727  786
727  979
728  915
729  844
729  772
730  852
730  764
731  841
731  999
731  857
731  875
732  820
733  836
733  872
734  913
735  759
735  817
735  830
737  861
738  979
738  784
739  935
740  937
741  939
741  918
742  828
742  975
743  777
743  993
743  854
744  989
745  792
745  877
746  894
746  764
746  759
746  785
746  850
747  830
748  971
748  937
749  954
749  952
750  935
750  959
750  839
751  990
751  828
751  940
752  861
753  893
753  874
754  834
755  908
755  804
756  831
756  777
756  848
756  969
756  980
760  779
761  927
762  797
762  835
762  774
763  849
763  928
763  945
765  838
766  992
767  778
767  895
768  917
769  932
769  939
770  972
770  983
770  959
772  947
773  825
773  985
773  795
774  857
775  879
775  999
776  827
777  817
777  891
777  875
779  893
779  916
780  805
780  980
781  794
781  813
781  945
782  920
784  854
784  931
787  989
788  841
788  863
789  968
790  836
791  833
792  987
793  955
793  863
794  947
796  901
797  884
798  868
798  867
799  950
799  978
800  952
801  827
802  903
803  914
804  915
805  982
805  846
806  991
806  948
806  955
807  997
807  916
807  996
807  898
808  944
810  989
813  867
813  848
814  911
814  820
815  817
815  836
819  930
819  903
820  850
821  823
822  949
823  887
824  940
826  832
826  855
827  890
827  925
829  946
831  916
832  866
834  921
836  906
837  979
837  890
837  928
839  933
839  920
840  961
841  993
842  875
843  993
844  944
844  928
846  895
846  960
847  909
849  965
849  878
850  963
851  853
851  969
851  864
856  986
858  938
860  934
860  935
861  950
862  956
862  998
869  921
871  970
871  917
871  993
872  967
873  960
874  909
878  958
879  990
880  989
881  983
883  915
883  965
886  994
887  976
889  964
890  922
890  932
893  943
900  992
900  990
900  999
900  997
901  983
901  985
902  961
902  933
903  963
905  942
908  933
908  931
910  984
915  990
915  984
924  932
924  995
927  997
932  959
937  949
940  971
943  986
945  957
952  979
