0  665
0  166
1  887
1  908
1  283
1  467
1  945
2  485
2  583
2  578
2  154
2  803
2  759
3  339
3  326
3  426
3  986
3  535
3  456
3  397
4  718
4  571
4  695
4  443
4  259
4  74
4  712
4  541
5  853
5  418
5  842
5  158
5  216
6  975
6  481
6  358
6  603
7  288
7  255
7  977
7  489
7  446
7  460
7  377
8  284
8  594
8  503
8  606
8  482
8  664
9  522
9  938
9  180
9  705
9  251
9  990
9  300
9  260
9  276
10  344
10  995
11  14
11  68
11  544
11  922
11  821
11  483
11  949
12  656
12  894
12  853
12  64
12  434
13  672
13  418
13  702
13  382
14  769
14  107
14  951
14  895
15  951
15  524
15  77
15  717
15  586
15  480
15  47
15  558
16  311
16  697
16  576
16  942
16  169
16  731
16  452
16  592
16  667
17  153
17  472
18  984
18  123
18  168
18  348
19  642
19  33
19  117
19  723
19  658
19  62
19  737
19  374
19  584
19  920
20  499
20  544
20  977
20  289
20  219
20  808
20  919
20  251
20  300
20  745
21  204
21  535
21  526
22  988
22  101
22  582
22  690
23  560
23  291
23  642
23  817
23  492
23  509
23  413
24  88
24  818
24  973
25  754
25  231
26  740
26  335
26  271
26  566
27  274
27  563
27  536
27  404
27  214
28  848
28  568
28  798
28  526
28  210
29  771
29  287
29  579
29  935
30  159
30  505
30  226
31  521
31  228
31  236
31  869
31  793
31  810
31  672
31  242
31  515
31  706
31  889
31  775
32  269
32  793
32  843
33  622
33  688
33  137
33  949
33  830
33  123
34  691
34  116
34  451
34  858
34  936
35  930
35  518
35  181
35  592
35  406
35  811
35  522
36  380
36  250
36  691
36  387
36  60
37  57
37  710
37  697
37  478
38  39
38  907
38  546
38  475
38  628
38  196
38  411
39  82
39  506
39  544
39  941
39  719
40  951
40  665
40  815
40  453
40  41
40  892
40  570
41  518
41  251
41  500
41  788
41  246
41  509
41  630
42  660
42  727
42  406
42  421
42  195
42  335
43  726
43  659
43  897
44  402
44  729
44  959
44  806
44  968
44  364
44  285
44  129
45  953
45  612
45  203
45  474
45  87
45  493
45  405
45  958
45  710
46  539
46  323
46  78
46  914
46  82
46  824
46  254
47  784
47  210
47  674
47  779
47  246
47  617
47  507
47  651
47  107
48  806
48  487
48  308
48  188
48  630
48  683
49  590
49  394
49  201
49  440
50  384
51  552
51  793
52  208
52  53
52  621
52  638
52  394
52  123
52  588
53  236
53  452
53  56
53  116
53  278
54  288
54  78
54  397
55  483
55  308
55  990
55  458
55  530
56  812
56  877
56  442
56  935
56  653
56  462
57  768
57  496
57  124
57  716
57  945
57  162
57  990
58  654
58  126
58  92
58  457
58  96
58  788
58  464
59  832
59  217
59  653
59  614
59  193
59  323
59  712
59  107
59  449
60  191
60  740
60  736
60  749
60  684
60  319
60  744
61  487
61  475
61  218
61  450
61  744
61  844
61  975
62  775
62  546
62  471
62  63
62  980
62  780
62  409
62  457
63  877
63  507
63  170
63  155
63  628
63  465
63  344
63  858
63  325
63  969
63  461
63  370
64  250
64  70
64  104
64  615
64  740
64  706
64  634
65  951
65  728
65  557
65  406
65  67
65  434
65  312
65  82
65  859
66  549
66  766
66  428
66  488
66  594
66  120
67  136
67  823
67  989
67  148
67  327
67  539
67  717
68  718
68  994
68  691
68  327
68  767
68  273
68  961
68  581
69  260
70  894
70  142
70  733
70  466
70  358
70  686
70  434
71  903
71  142
71  109
72  279
73  376
73  673
73  998
73  469
73  137
73  380
74  787
74  632
74  702
74  378
74  812
75  252
75  521
75  139
75  716
76  981
76  944
76  588
76  699
77  302
77  83
77  884
77  237
78  833
78  376
78  413
78  810
79  673
79  703
79  142
79  433
79  551
79  620
79  687
80  424
80  773
80  603
80  523
80  331
81  796
81  410
81  251
81  299
81  825
81  531
82  182
82  355
82  558
82  730
83  306
83  573
83  828
83  477
83  830
83  813
84  376
84  125
84  862
84  145
84  822
84  206
84  129
84  494
84  998
85  902
85  652
85  497
85  984
86  414
86  652
86  605
86  807
86  879
86  960
87  138
87  820
87  381
87  189
87  653
87  619
87  681
87  404
88  130
88  222
88  793
88  981
88  896
89  309
89  769
89  959
90  145
90  652
90  95
90  624
90  714
90  786
91  461
91  896
91  828
91  796
91  430
91  471
91  324
91  318
91  628
91  482
92  503
92  739
92  562
92  845
92  773
93  675
93  429
93  832
93  902
93  486
93  814
94  207
94  483
94  937
94  97
94  692
94  713
94  501
94  685
95  842
95  540
96  931
96  105
96  545
96  468
96  324
96  732
96  359
96  455
96  208
97  623
97  516
97  366
98  789
98  463
98  844
99  169
99  500
99  996
100  897
100  456
100  493
100  454
100  150
100  913
100  157
100  796
101  683
102  863
102  968
102  119
102  402
103  950
103  800
103  225
103  135
103  221
104  442
104  525
104  739
104  974
104  161
104  911
104  244
104  624
105  109
105  516
105  912
105  686
106  764
106  715
106  374
107  516
107  848
107  491
107  326
107  568
107  571
108  219
108  921
108  313
108  628
108  329
108  421
108  906
108  699
108  274
108  446
108  321
108  905
108  742
109  385
109  631
109  144
109  395
109  911
109  716
110  324
110  652
110  398
110  117
110  614
111  969
111  537
111  756
112  390
112  983
112  981
112  943
112  297
112  799
112  378
112  256
112  783
112  999
112  488
113  223
113  908
113  938
113  230
113  142
114  273
114  466
115  939
115  695
115  523
115  417
115  577
116  348
116  577
116  522
116  612
116  493
116  564
116  297
116  182
116  393
117  796
117  487
117  913
117  517
117  748
117  607
118  681
118  323
118  396
118  493
118  513
119  552
119  655
119  304
119  378
119  519
119  992
119  356
120  511
120  508
120  934
120  633
120  561
120  915
120  612
120  790
120  616
120  476
120  522
121  363
121  913
121  279
121  271
121  923
122  389
122  301
122  377
122  442
122  738
122  788
123  734
123  571
123  919
123  319
124  428
124  426
124  166
124  785
124  268
124  833
124  773
124  274
124  541
124  374
125  419
125  773
125  145
125  885
125  595
125  418
125  340
125  908
125  498
126  866
126  671
126  331
126  544
126  670
126  549
126  688
126  562
127  188
127  891
127  292
127  505
128  818
128  741
129  175
129  898
129  805
129  847
130  999
130  915
130  691
130  574
130  995
132  924
132  739
132  968
132  291
133  379
133  822
133  234
133  936
133  232
133  244
133  410
134  921
134  178
134  905
134  591
134  974
134  738
134  998
135  548
135  281
135  298
135  483
135  683
135  643
136  179
136  659
136  738
136  941
136  203
136  366
137  204
138  165
138  809
138  586
138  631
138  729
138  288
138  621
139  180
139  346
139  160
139  275
139  159
140  897
140  679
141  923
141  613
141  528
142  817
142  425
142  803
142  830
142  996
143  959
143  491
143  604
143  619
143  817
143  229
144  355
144  612
144  475
144  537
144  728
145  197
145  749
145  742
145  575
145  237
145  640
145  180
146  731
146  815
146  478
146  574
147  333
147  551
147  924
147  217
148  425
148  484
148  878
148  787
149  569
149  793
149  677
149  541
149  702
149  328
150  176
150  292
150  706
150  284
150  350
151  991
151  518
151  948
152  410
152  841
152  417
153  352
153  730
153  576
154  628
154  821
154  848
154  719
154  529
154  675
154  635
155  274
155  161
155  365
155  649
155  935
155  400
155  734
156  206
156  675
156  514
156  195
156  580
156  881
156  778
157  346
157  746
158  996
158  919
158  322
158  475
158  813
158  289
158  641
159  979
159  170
159  852
159  514
159  287
160  913
160  915
160  791
161  941
161  304
162  797
162  171
162  682
162  453
162  542
162  405
163  221
163  361
163  539
163  488
164  262
164  378
164  757
165  327
165  785
165  735
165  919
166  447
166  497
166  633
166  814
166  451
167  987
167  190
167  310
167  835
167  257
167  471
167  352
168  271
168  976
169  359
169  387
169  325
169  349
169  737
169  580
169  829
169  591
169  593
170  545
170  407
170  869
170  656
170  227
170  328
170  509
171  822
171  382
171  861
171  771
171  348
172  630
172  911
172  200
172  638
172  986
172  494
172  670
173  293
173  734
173  904
173  354
173  722
174  298
174  650
174  418
174  822
174  857
174  201
175  425
175  604
175  326
175  323
175  639
175  918
176  451
176  532
176  625
177  299
177  571
177  190
178  936
178  651
178  653
178  521
179  264
179  295
179  418
179  470
179  718
179  203
179  274
180  892
180  644
180  370
180  903
180  732
180  183
180  314
180  189
180  987
180  268
180  697
181  593
181  473
181  560
181  562
182  446
182  957
182  552
182  967
182  605
182  632
183  812
184  774
184  478
184  758
184  859
184  609
186  367
186  803
186  601
186  893
187  795
187  873
187  984
187  964
187  367
187  813
188  700
188  721
188  410
188  494
188  788
189  231
189  553
189  308
189  803
189  682
189  356
189  840
190  691
190  612
190  762
190  508
190  818
190  997
190  857
190  649
191  888
191  992
191  613
191  560
191  459
191  549
191  516
192  574
192  658
192  511
193  905
193  219
194  921
194  198
194  403
194  787
194  379
195  560
195  913
195  439
196  223
196  292
196  271
196  265
196  568
196  744
197  391
197  672
197  529
197  302
197  647
197  808
197  664
198  446
198  639
198  264
199  484
199  831
199  718
200  486
200  582
200  430
201  405
202  948
203  205
203  443
203  368
203  643
203  343
203  583
204  961
204  530
204  725
204  999
204  769
204  945
204  517
204  581
205  629
205  395
205  305
205  590
206  630
207  260
207  389
207  594
207  712
207  318
208  752
208  219
208  229
208  693
208  982
208  754
208  231
208  427
208  994
208  299
209  346
209  272
209  825
209  313
209  927
209  609
209  665
209  994
209  642
210  691
210  436
210  752
210  645
210  466
210  869
210  327
210  471
211  245
211  623
211  546
211  361
212  370
212  570
212  410
212  889
212  358
212  762
212  873
213  439
213  373
213  782
213  225
214  707
214  256
214  344
214  723
215  825
215  858
215  280
216  799
216  389
216  565
216  353
216  603
216  582
216  769
216  608
217  985
217  448
217  705
217  233
217  389
217  652
217  695
217  935
219  236
219  962
220  955
220  603
220  508
220  778
220  774
220  683
220  631
220  557
221  388
221  622
221  564
221  435
222  439
222  625
222  425
222  582
222  630
222  361
222  885
222  951
223  407
223  966
223  240
224  316
224  475
224  728
224  939
225  234
226  553
226  289
226  294
226  966
226  650
226  686
226  963
226  616
226  399
227  896
227  287
227  312
227  257
227  702
228  455
228  442
228  596
228  278
228  786
229  435
230  691
230  386
230  559
230  661
230  340
230  390
231  899
231  462
231  294
231  569
231  668
231  829
231  635
231  552
232  915
232  342
233  337
233  823
233  597
233  888
233  305
234  360
234  530
234  245
234  749
234  577
235  963
235  584
235  513
235  366
235  289
235  284
235  743
235  522
236  940
236  802
237  348
237  805
237  364
237  826
238  932
238  439
238  291
238  378
238  525
238  465
239  498
239  820
239  762
240  717
240  600
240  293
241  710
241  360
241  331
241  984
242  668
242  992
242  646
243  556
243  410
243  245
243  488
243  250
243  710
244  722
244  933
244  771
244  874
244  544
244  875
245  351
245  311
245  336
245  651
245  405
245  874
246  288
246  565
246  766
246  996
246  473
246  862
246  509
247  664
247  795
247  705
247  866
247  509
247  584
247  987
247  704
247  945
247  758
248  685
248  771
248  584
248  327
248  775
249  536
249  564
249  487
249  607
249  606
250  765
250  461
250  839
250  615
250  703
250  456
251  891
251  442
251  395
253  488
254  573
254  711
254  630
254  970
254  411
255  914
255  418
255  412
255  541
255  361
255  702
255  430
256  898
256  665
256  780
256  779
256  910
257  502
259  398
259  504
259  646
260  641
260  546
260  343
260  544
261  549
261  949
261  615
261  834
262  510
262  357
262  570
262  316
263  349
263  851
263  944
264  348
264  868
264  606
265  690
265  763
265  650
265  974
265  811
266  316
266  765
266  902
266  868
267  397
267  310
267  876
268  696
268  592
268  947
269  719
269  611
269  494
269  403
270  447
270  335
270  904
270  492
270  667
270  419
271  843
271  762
271  576
271  972
272  596
272  792
272  740
272  644
272  987
272  305
272  678
273  618
273  365
273  349
273  464
273  716
273  830
274  367
274  417
274  910
275  417
275  602
275  324
276  938
277  533
277  968
277  673
277  354
277  384
277  930
278  735
278  532
278  352
279  722
280  453
280  478
280  349
281  414
281  319
281  690
281  691
281  896
282  596
282  639
282  441
282  862
283  845
283  915
283  357
283  878
283  798
284  400
284  656
284  952
284  488
284  359
285  457
285  401
285  830
285  417
286  536
286  979
286  331
286  686
286  438
286  685
286  666
286  411
286  556
286  876
287  726
287  632
287  573
287  423
287  680
287  968
287  384
288  781
288  724
288  640
288  346
288  494
289  699
289  950
289  573
289  731
289  416
290  867
290  384
290  872
290  765
290  981
291  448
291  925
292  787
292  923
292  656
292  817
292  859
292  546
293  298
293  478
293  789
294  673
294  652
295  589
295  955
296  618
296  710
296  558
296  379
296  622
297  745
297  707
297  915
297  966
297  787
297  998
298  755
298  998
298  969
299  526
299  834
299  437
299  631
300  725
300  378
300  958
300  821
301  832
301  818
302  386
302  387
302  361
302  344
302  352
303  748
303  307
303  453
303  406
303  945
304  545
304  678
304  572
305  898
305  808
305  894
305  819
305  567
305  863
306  359
306  404
306  477
306  699
306  631
307  454
307  343
307  626
307  736
307  975
308  406
308  433
308  351
309  788
310  899
310  882
311  716
311  495
311  974
311  569
311  476
311  530
312  658
312  381
312  780
312  322
312  398
312  767
312  981
313  462
314  682
315  731
315  618
315  319
317  572
317  741
317  439
317  929
317  321
317  396
317  420
317  397
317  342
317  933
317  359
318  987
318  463
318  710
318  586
318  443
318  436
319  674
319  551
319  729
320  497
320  507
321  999
321  589
321  643
321  915
321  995
322  845
322  767
323  682
323  412
323  704
323  640
323  917
324  394
324  861
324  401
324  930
324  340
324  619
325  968
325  723
325  536
325  346
325  343
325  833
326  327
326  485
326  784
327  625
327  342
328  843
328  616
328  380
328  798
328  752
329  572
329  728
329  941
329  549
329  964
329  496
330  723
330  519
330  690
330  740
330  477
331  593
331  879
331  601
331  516
332  548
332  722
332  637
332  959
332  476
333  733
334  903
334  536
335  880
335  684
336  484
336  928
337  799
337  985
338  378
338  863
338  902
338  574
338  384
338  691
338  920
338  826
339  787
339  879
339  640
339  876
339  769
339  557
339  517
339  859
340  656
340  410
341  570
341  802
342  417
342  750
342  733
343  811
344  462
345  734
345  455
345  792
346  468
346  665
346  455
347  366
347  957
347  522
347  393
347  945
348  956
348  886
348  425
348  411
348  638
349  570
349  531
349  546
349  694
350  370
350  636
350  719
350  465
350  864
350  700
350  840
351  932
351  621
351  852
351  633
351  873
351  598
351  683
352  663
352  982
352  470
352  738
353  439
353  870
353  758
353  731
353  389
353  831
354  734
354  711
354  863
354  439
354  690
354  512
355  512
355  431
355  380
355  962
355  591
355  948
356  933
356  720
356  433
357  715
357  665
357  633
357  644
357  595
357  366
357  942
358  951
358  604
358  939
358  568
358  893
359  786
359  930
359  984
359  605
359  827
360  880
360  592
360  472
360  433
360  639
360  775
361  534
361  891
361  673
361  651
362  683
362  734
362  836
363  665
363  760
363  827
363  962
363  722
363  771
363  440
364  517
364  695
365  927
365  862
366  858
366  942
366  850
366  642
366  571
366  564
367  967
367  750
367  765
368  822
368  517
368  950
368  415
368  579
369  372
369  981
369  876
369  639
369  796
369  825
369  433
369  468
369  722
369  895
370  505
370  570
370  834
370  540
371  958
371  730
371  927
371  510
372  804
372  614
373  625
373  675
373  645
373  982
373  697
374  971
374  487
374  677
374  572
375  784
375  588
376  783
376  433
377  782
377  895
378  862
378  821
378  491
378  724
378  948
379  777
379  893
379  841
379  915
379  400
380  716
381  496
381  961
382  440
382  866
382  953
382  580
382  572
382  848
383  492
383  841
383  921
383  433
384  654
384  869
384  715
384  700
384  406
384  953
384  420
385  970
385  456
385  565
385  612
385  869
385  521
386  741
386  577
386  564
386  394
386  456
386  672
387  934
387  804
387  653
388  557
388  485
388  635
388  624
388  671
388  914
389  755
389  785
389  761
389  707
389  497
390  670
390  635
390  445
390  752
391  611
391  850
391  708
391  797
391  769
392  489
392  821
393  496
393  526
393  513
393  479
394  498
394  511
397  469
397  958
397  669
398  879
398  969
398  818
399  989
400  742
400  716
401  820
401  956
401  603
402  446
403  633
403  744
403  732
403  872
404  697
404  597
404  410
404  841
404  432
404  480
405  655
405  416
405  504
405  746
405  808
405  768
406  526
406  623
406  768
406  485
407  938
407  742
407  772
407  802
408  938
408  588
408  667
408  561
408  472
408  776
408  565
408  694
409  786
409  582
409  965
409  882
410  880
410  793
410  454
410  838
411  761
412  665
412  962
412  464
412  495
412  830
414  506
414  624
414  844
414  855
414  438
415  580
415  874
415  727
415  584
415  654
415  621
415  432
415  754
415  540
415  538
416  658
416  482
416  445
416  866
416  435
416  641
417  891
417  682
417  648
417  707
417  625
418  496
418  921
418  516
418  780
418  444
418  853
419  763
420  659
421  880
422  755
422  935
422  614
422  808
422  944
423  845
423  560
423  527
424  748
424  988
424  691
424  873
425  932
425  693
425  480
425  936
425  614
425  940
426  661
426  912
426  908
426  765
426  521
428  513
429  763
429  876
429  909
429  770
430  974
430  791
430  690
431  607
431  512
432  527
432  868
432  572
432  752
432  968
433  589
433  889
434  954
434  906
434  981
435  509
435  818
435  581
435  718
436  638
436  826
436  541
437  939
437  896
437  828
437  465
437  510
437  483
438  643
438  511
438  574
438  630
438  781
438  906
439  566
439  471
439  938
440  498
440  532
441  831
441  775
441  877
441  974
441  867
442  780
442  822
442  719
443  844
443  896
443  970
444  915
444  584
444  541
444  723
444  649
445  479
445  941
445  944
445  732
446  656
446  926
446  933
446  978
447  822
447  583
447  628
447  917
447  811
447  451
447  728
448  759
448  709
448  989
449  460
449  834
449  951
449  844
450  804
450  665
450  730
451  718
451  728
452  544
452  479
452  692
452  496
452  969
452  603
454  651
454  458
454  468
454  741
454  922
455  730
455  943
456  598
457  802
457  651
457  769
457  745
458  863
458  712
459  691
460  654
460  768
461  972
461  931
462  596
462  901
463  566
463  875
463  733
464  954
464  724
464  549
464  522
464  575
464  949
465  576
465  710
465  711
466  794
467  977
467  597
467  594
468  852
468  560
468  730
468  605
469  765
469  656
469  583
470  893
470  965
470  503
471  878
471  748
471  506
471  891
471  856
472  928
472  565
473  712
473  620
474  735
474  836
474  589
475  894
476  564
477  662
477  836
477  765
478  907
478  822
478  869
478  512
478  904
479  681
480  723
480  826
481  948
481  633
481  940
481  892
481  719
482  744
482  624
482  854
482  715
482  535
482  652
483  925
483  992
484  889
484  929
484  885
484  593
484  660
485  582
485  802
485  739
485  549
485  792
486  598
486  729
486  984
486  511
487  821
487  782
487  548
487  768
487  831
487  986
488  847
488  626
488  724
489  518
489  787
490  573
490  664
491  963
491  851
491  816
491  977
492  894
492  977
493  701
493  644
494  993
494  504
494  530
494  865
494  740
494  942
496  647
496  809
497  935
498  513
498  812
498  945
498  833
499  752
499  577
500  741
500  681
500  848
500  765
501  975
501  824
501  963
501  578
501  688
502  975
502  653
503  892
503  986
504  965
504  906
504  650
504  862
504  968
504  577
506  533
506  876
506  612
506  515
507  623
507  517
507  587
507  643
507  590
508  677
508  635
508  552
509  574
509  621
510  899
510  653
510  529
510  879
510  528
510  697
510  602
510  834
510  799
511  567
511  539
511  554
511  968
512  520
512  739
512  574
512  689
512  526
514  852
514  964
514  701
515  751
515  868
516  764
516  525
516  536
517  878
517  609
517  645
517  936
517  659
518  902
520  953
520  646
520  811
520  521
520  983
521  574
521  852
522  950
522  811
522  841
523  758
523  753
523  964
523  557
524  800
524  997
524  748
524  900
525  907
525  707
526  989
526  658
526  795
526  594
527  922
527  849
527  723
528  904
528  535
528  934
528  601
528  569
529  589
529  738
529  673
530  937
530  679
530  866
530  587
530  747
531  645
532  623
532  993
532  975
533  586
533  624
534  803
534  983
534  698
534  583
534  783
534  828
535  812
535  906
535  611
535  983
536  954
536  756
537  703
537  721
537  786
537  998
537  556
538  855
538  846
538  629
538  692
538  740
539  856
540  835
540  982
541  901
541  721
542  727
542  658
542  980
543  781
543  776
543  812
543  947
545  585
545  922
545  782
545  832
547  701
547  730
548  864
548  935
550  819
550  561
550  813
551  863
551  986
552  784
552  860
552  674
552  986
553  647
553  914
554  749
555  671
555  609
555  591
556  699
557  761
558  968
558  831
559  694
559  837
559  567
559  806
559  750
559  990
560  896
560  855
560  789
560  877
560  654
560  681
561  929
561  931
561  842
561  716
562  569
562  584
563  685
563  964
564  578
565  579
565  981
566  964
566  855
567  881
567  948
568  825
569  788
569  855
570  751
571  721
572  628
572  983
572  839
572  816
572  574
572  780
572  968
572  773
573  756
573  673
573  621
574  638
574  898
574  611
575  652
576  996
576  872
577  878
577  902
578  753
578  723
578  652
579  635
579  818
579  599
579  638
580  968
581  665
581  945
582  911
583  886
583  721
584  816
584  692
584  951
584  912
584  895
585  998
585  806
585  709
585  615
586  700
586  910
587  749
588  786
588  648
588  959
588  591
589  666
589  592
589  741
589  995
590  849
590  595
591  911
591  641
592  831
593  693
593  977
593  895
594  627
594  993
595  954
595  600
595  966
596  704
596  871
596  956
596  601
596  960
597  811
597  786
598  954
598  762
598  628
598  943
598  827
599  746
600  783
600  678
601  783
601  886
602  970
602  681
602  945
602  647
602  972
603  832
604  628
604  704
605  930
605  872
606  645
606  988
607  876
607  617
607  687
607  707
609  933
609  894
610  866
610  885
611  976
611  772
611  805
612  749
613  679
613  658
613  819
614  902
615  717
616  769
616  987
616  752
618  787
619  948
620  738
620  853
621  911
621  896
621  863
625  830
627  781
628  806
628  649
629  832
629  784
629  699
629  700
629  982
630  870
631  857
632  670
633  905
633  660
633  662
634  845
634  676
635  846
635  960
635  692
636  720
636  733
636  686
636  718
636  647
636  738
637  976
637  961
637  758
639  957
640  977
640  834
640  831
641  706
642  735
642  992
643  948
643  993
643  930
644  994
644  846
644  924
645  901
645  889
645  677
645  976
648  762
648  684
648  800
648  703
648  676
649  783
649  919
651  867
651  702
651  795
652  678
653  685
653  657
653  957
654  778
654  669
654  710
656  912
656  845
656  666
657  751
657  950
657  825
658  739
659  740
660  893
660  762
660  855
660  677
661  665
662  669
662  906
662  962
663  879
664  776
664  837
664  698
665  921
665  911
665  816
665  804
665  848
665  990
665  856
667  721
667  895
667  850
668  891
669  696
670  966
671  731
671  851
671  892
672  885
672  910
672  776
672  887
674  977
674  854
674  762
674  961
674  692
676  733
676  751
678  745
679  758
679  769
679  788
679  886
680  708
681  818
682  892
683  848
683  889
684  727
684  773
684  759
685  907
685  796
685  991
685  793
686  817
686  964
687  988
688  753
688  940
689  719
689  709
690  708
692  889
692  942
692  724
693  925
693  997
694  804
694  849
695  969
695  754
696  993
699  917
699  742
700  800
701  873
701  929
701  706
702  840
702  904
703  923
704  782
706  769
707  919
707  732
707  864
707  846
707  874
708  916
708  773
709  928
709  907
710  746
711  945
711  935
712  900
712  948
713  874
714  887
715  861
715  737
717  741
717  953
717  951
718  810
718  819
718  783
718  778
719  884
719  995
721  815
721  726
722  992
722  977
722  912
723  804
723  996
723  728
724  787
724  839
724  800
724  802
725  904
725  850
728  810
730  886
730  852
731  841
731  875
732  820
733  863
733  836
734  891
734  913
734  813
735  830
735  817
736  993
737  861
738  896
738  985
738  840
739  935
741  918
741  939
741  966
743  777
743  929
743  854
744  770
744  946
745  843
745  877
745  900
746  894
746  941
748  937
750  935
751  835
751  990
752  880
752  854
752  987
753  874
754  888
755  980
755  804
756  777
756  831
758  821
760  770
761  902
762  828
763  945
764  930
764  829
765  873
765  887
766  824
766  995
767  895
767  805
768  917
769  932
769  942
769  808
770  847
770  972
770  984
772  897
773  825
773  795
773  775
773  985
774  857
775  813
775  904
775  978
776  861
776  835
776  911
777  828
777  929
778  899
778  999
780  980
781  794
781  813
781  988
782  803
782  920
782  819
783  960
784  928
787  899
788  863
791  827
792  987
793  955
796  818
796  801
797  808
800  957
800  952
801  874
802  960
802  919
803  825
803  936
803  914
805  846
806  991
806  834
807  906
808  813
808  944
810  857
813  848
814  875
814  919
814  911
815  922
815  836
815  933
815  964
817  827
819  970
819  903
820  916
823  913
824  940
826  958
826  840
827  888
828  871
830  885
831  834
832  867
832  866
833  930
836  917
837  928
837  979
838  969
839  924
839  933
841  852
842  875
843  874
844  852
847  858
847  867
848  978
848  914
848  995
849  955
851  935
851  864
851  969
853  965
854  991
858  938
858  930
859  913
865  953
868  938
868  929
868  942
871  906
871  917
871  914
871  970
874  960
874  955
877  905
879  995
880  947
882  986
882  964
883  915
884  951
889  964
890  922
890  932
890  920
894  966
894  995
895  936
895  982
896  911
900  918
900  983
901  985
902  961
904  970
908  933
910  984
911  976
912  985
915  990
919  955
924  995
930  974
931  948
932  981
933  952
935  973
943  986
945  957
947  991
949  968
950  961
951  963
960  980
964  970
967  992
968  990
969  997
978  992
