0  223
0  258
0  87
0  462
0  386
0  378
0  467
0  597
0  414
0  263
1  334
1  133
1  771
1  189
1  126
1  821
2  314
2  456
2  442
2  117
2  32
2  432
3  262
3  420
3  365
3  490
4  500
4  965
4  890
5  753
5  691
5  875
5  545
5  502
5  595
5  951
6  278
6  83
6  19
6  132
7  952
7  26
7  861
7  683
7  101
7  201
7  297
7  398
7  787
7  150
8  538
8  317
8  125
8  609
8  615
9  229
9  545
9  277
10  528
10  407
11  626
11  483
12  631
12  604
12  442
12  492
12  523
12  223
12  827
12  894
13  945
13  55
13  403
13  454
14  138
14  549
14  500
14  61
14  745
15  86
15  164
15  561
15  541
15  704
16  655
16  135
16  295
16  600
16  769
16  114
16  971
16  757
16  160
17  838
17  860
18  367
18  49
18  211
18  632
18  41
19  834
19  793
20  121
20  24
20  659
20  702
20  350
20  156
20  260
21  105
21  445
21  791
21  287
21  627
21  184
22  425
22  633
22  716
22  516
22  772
22  233
22  747
22  229
22  592
22  477
22  598
22  411
22  960
22  317
23  476
23  460
23  608
23  391
23  28
23  990
23  917
24  898
24  534
24  180
24  60
24  826
24  533
25  619
25  754
25  969
25  691
25  788
25  823
26  601
26  703
26  441
27  843
27  442
27  831
27  622
27  716
28  645
28  740
28  481
28  309
28  280
29  431
29  354
30  504
30  98
30  189
30  52
30  728
30  53
31  298
31  365
31  921
31  241
31  501
31  46
31  824
31  615
31  979
31  876
31  283
32  728
32  887
32  901
32  283
32  314
32  947
32  249
32  497
32  79
33  156
33  860
33  287
33  361
33  920
33  199
33  465
34  183
34  995
34  242
34  672
34  239
34  512
35  266
35  831
36  613
36  669
36  789
37  998
37  840
37  902
37  94
37  300
37  858
37  138
37  541
37  500
38  90
38  652
38  918
38  362
38  895
38  397
38  284
38  755
39  569
39  285
39  227
39  870
39  932
39  73
40  740
40  373
40  833
40  589
41  226
41  605
41  483
41  135
41  176
41  554
41  627
42  147
42  371
42  921
42  516
42  864
43  984
43  814
43  465
43  553
44  836
44  127
44  979
44  926
44  214
44  204
44  572
44  702
45  469
45  964
45  891
45  376
45  363
45  596
45  959
45  346
46  926
46  478
46  406
46  894
47  813
47  504
47  58
47  502
47  893
47  738
47  221
48  211
48  276
48  286
48  825
48  914
48  136
48  718
49  494
50  901
50  751
50  907
50  175
50  785
51  442
51  617
51  298
51  398
51  584
51  760
51  236
51  311
51  363
52  447
52  133
52  742
53  172
53  845
53  900
53  411
53  255
53  405
53  744
54  482
54  332
54  386
54  863
54  246
54  751
54  85
54  650
54  390
54  263
55  597
55  235
55  795
55  288
56  143
56  616
56  639
57  979
57  586
57  499
57  146
57  686
57  639
57  401
57  710
57  129
58  668
58  998
59  395
59  367
59  771
59  129
60  881
60  938
60  511
60  190
60  98
60  861
60  903
60  872
60  855
61  851
61  752
61  571
61  446
61  137
61  380
62  554
63  502
63  569
63  612
63  673
63  855
63  634
63  861
63  731
63  114
63  661
63  883
63  469
63  286
64  179
64  656
64  955
64  909
64  440
64  579
64  555
64  92
65  649
65  967
65  859
65  939
66  416
66  647
66  87
66  498
66  802
66  832
67  741
67  883
67  739
67  794
67  601
67  354
68  729
68  896
68  972
68  493
69  877
69  101
69  914
69  632
69  455
69  299
69  470
69  589
70  646
70  441
70  134
70  185
70  897
70  730
70  75
71  524
71  628
71  890
72  980
73  160
73  637
73  400
73  485
73  943
74  390
74  950
74  276
74  234
74  441
74  184
75  531
75  855
75  449
75  477
76  881
76  157
76  338
76  901
76  145
76  949
77  636
77  254
77  779
77  842
78  773
78  788
78  397
78  900
78  753
78  465
78  136
79  253
79  504
79  756
79  430
79  683
79  497
79  250
79  909
79  164
80  738
80  226
80  750
80  528
81  764
81  149
81  151
81  914
81  306
81  355
82  524
82  675
82  179
82  848
82  308
82  508
82  652
83  117
83  676
83  493
84  797
84  237
84  273
84  277
84  895
84  660
85  109
85  620
85  529
85  169
85  286
86  425
86  137
86  390
86  153
86  255
87  564
87  302
88  234
88  980
88  671
88  814
88  102
88  360
89  413
89  95
89  762
89  605
89  756
89  344
89  335
89  856
90  357
90  456
90  591
90  735
90  853
90  729
90  453
90  702
91  941
91  340
91  894
91  101
91  490
91  341
91  709
92  592
92  476
92  923
92  323
92  212
93  869
93  845
93  946
93  941
93  98
93  639
94  698
94  267
94  231
94  246
94  916
94  184
95  125
95  993
95  719
95  628
95  195
95  596
96  843
96  667
96  992
96  575
96  555
96  188
96  522
96  815
96  120
96  612
97  991
97  479
97  884
97  418
97  702
98  434
98  774
98  257
98  516
98  684
98  431
99  965
99  811
99  835
100  583
100  426
100  249
101  509
101  922
101  863
101  635
102  288
102  236
102  175
102  278
102  810
102  685
103  817
103  653
103  304
103  724
103  435
104  202
104  636
104  364
105  293
105  342
105  518
105  191
105  909
105  223
105  723
105  415
105  192
105  922
106  902
106  376
106  195
107  204
107  935
107  334
107  762
107  399
107  445
107  675
107  837
107  650
108  712
108  937
108  447
108  718
108  997
108  659
108  343
109  254
109  942
109  429
109  114
110  182
110  542
110  223
110  927
110  773
110  980
111  758
111  603
111  298
112  325
112  537
113  369
113  841
114  317
114  466
114  484
114  476
115  794
115  440
115  531
115  127
115  140
116  409
116  379
116  844
116  241
116  983
117  929
117  216
117  695
117  477
118  643
118  964
119  414
119  244
119  378
119  698
119  205
120  703
120  521
120  537
120  332
120  284
120  700
120  772
120  558
120  637
120  990
120  899
120  581
121  655
121  507
121  317
121  493
122  820
122  729
122  144
122  208
122  682
122  295
123  318
123  680
123  414
123  368
123  478
123  591
123  548
123  827
124  323
124  130
124  399
124  736
124  506
124  951
124  808
124  510
124  214
125  317
125  584
125  347
126  676
126  808
126  286
126  800
126  796
126  930
127  160
127  386
127  248
128  963
128  687
128  523
129  369
129  997
129  830
129  623
129  682
130  269
130  369
130  850
130  242
130  739
131  642
131  976
131  754
131  957
131  889
131  804
132  644
132  353
132  450
133  308
133  439
134  813
134  832
134  204
134  924
134  666
134  922
135  731
135  333
135  530
135  242
135  673
135  356
135  635
135  307
135  642
135  783
135  500
135  738
135  503
135  218
135  267
136  356
136  769
136  394
136  712
136  844
136  249
137  577
137  754
138  986
138  403
138  804
138  608
138  728
138  423
138  682
139  567
139  750
139  201
139  545
139  817
139  561
139  994
139  361
139  629
140  182
140  494
140  250
140  225
140  278
140  478
140  576
140  864
140  351
140  626
141  869
141  274
141  295
141  946
141  339
141  338
142  197
142  991
142  561
142  515
142  936
142  575
143  390
143  932
143  902
143  721
144  623
144  931
144  321
144  920
144  535
145  949
145  166
145  160
145  430
145  350
145  831
146  300
146  540
146  421
147  426
147  295
147  787
148  315
148  579
148  332
148  728
148  536
149  304
149  930
149  599
150  436
150  542
150  262
150  608
150  934
150  861
151  521
151  425
151  704
151  331
151  993
151  756
151  404
151  730
151  439
152  877
152  343
152  362
153  740
153  901
153  530
153  257
153  636
153  875
154  519
154  799
154  531
154  944
154  874
154  982
154  552
155  228
155  441
155  790
155  178
155  860
156  466
156  648
156  739
156  280
156  781
157  845
157  998
158  736
158  758
158  203
159  631
159  718
159  704
160  669
160  183
160  696
160  597
161  912
161  599
161  863
162  874
162  968
162  962
162  977
162  722
163  957
163  529
163  277
163  196
163  328
163  316
163  928
163  697
164  504
164  474
164  961
165  652
165  409
165  305
165  448
165  357
166  266
166  239
166  842
166  457
167  349
167  796
168  675
168  436
168  722
168  851
168  564
168  479
168  984
168  899
168  950
169  403
169  673
170  290
170  549
170  614
171  341
171  230
171  553
172  465
172  569
173  354
173  587
173  962
173  434
173  621
174  263
174  793
174  253
175  706
175  663
175  958
175  843
175  596
175  879
176  445
176  290
176  436
176  202
177  493
177  788
177  702
177  935
177  772
177  893
178  286
178  825
178  749
178  295
179  918
179  957
179  890
179  765
179  676
179  207
179  660
180  227
180  239
180  915
180  690
180  770
180  368
180  317
180  999
180  379
180  210
180  988
181  253
181  554
181  836
181  771
181  247
181  597
181  972
181  907
182  192
182  893
182  200
182  741
182  586
183  764
183  284
183  850
183  990
183  441
183  220
183  254
183  733
183  916
184  535
184  226
184  763
184  263
184  868
184  731
184  498
185  950
185  971
185  756
185  671
185  561
185  225
185  237
186  862
186  954
186  243
186  682
187  648
187  303
187  396
187  508
187  646
187  747
188  472
188  845
188  531
188  383
188  568
188  517
189  652
189  858
189  574
189  650
189  629
189  681
190  319
190  435
190  727
191  804
191  996
191  523
191  462
191  660
191  337
191  937
192  577
192  775
193  757
193  933
193  916
193  271
193  885
194  770
194  694
194  523
194  604
195  448
195  616
195  866
196  242
196  472
196  369
196  378
196  887
197  920
197  557
197  223
197  621
197  686
197  548
198  323
198  312
198  778
198  461
198  810
198  387
198  703
198  652
198  634
198  954
198  479
199  992
199  530
199  475
199  916
199  798
199  578
199  229
200  674
200  910
200  496
200  695
200  630
200  857
200  508
201  634
201  884
201  641
201  699
201  275
201  642
201  765
202  542
202  989
202  362
202  225
202  804
202  249
202  794
202  959
202  668
203  899
203  881
203  956
203  856
204  432
204  309
204  533
204  639
205  280
205  391
205  415
205  465
206  453
206  907
206  518
206  714
207  425
207  557
207  647
207  515
207  284
208  923
209  349
209  392
209  717
209  701
209  535
210  294
210  995
211  994
211  730
212  293
212  659
212  713
212  559
212  551
213  867
213  758
213  448
213  618
213  766
213  517
213  804
214  279
214  632
214  920
215  501
215  768
215  312
215  272
216  335
216  627
216  970
216  742
216  607
216  314
216  697
217  700
217  934
218  796
218  530
218  583
218  679
219  244
219  321
219  511
219  528
219  952
219  677
219  849
220  346
220  970
220  507
220  773
220  699
221  859
221  909
221  844
221  816
222  439
222  797
222  319
222  973
222  547
222  406
223  685
223  735
223  868
223  929
223  361
224  787
224  508
224  343
224  355
224  664
224  238
224  890
224  562
225  298
225  309
225  996
226  537
226  860
226  436
226  558
226  564
226  470
226  891
226  972
227  544
227  518
227  490
227  458
227  772
228  258
228  552
228  769
228  851
228  310
228  463
228  694
228  696
229  410
229  306
229  987
229  921
229  288
230  887
230  626
230  437
230  812
230  723
231  487
231  678
231  695
232  349
232  885
232  997
232  691
233  868
233  917
233  753
233  936
233  775
234  979
234  702
234  664
234  891
234  850
234  252
235  479
235  596
235  927
236  543
236  826
236  373
238  578
238  364
238  730
238  319
238  744
239  832
239  424
239  902
239  414
240  722
240  669
240  528
240  587
240  485
240  506
241  863
241  753
241  709
241  257
242  693
243  635
243  884
243  910
243  480
243  354
243  653
244  302
245  657
245  391
245  309
245  991
245  254
246  951
246  952
246  730
246  828
247  490
247  615
247  881
247  738
247  385
247  739
247  632
247  866
247  673
247  835
248  544
248  395
248  634
248  715
249  252
249  356
249  495
250  288
250  345
250  501
250  391
251  763
251  777
251  597
251  629
251  742
251  589
251  344
252  536
252  776
252  772
252  306
252  997
252  966
252  984
253  893
253  741
253  659
253  386
253  837
254  674
254  972
254  895
255  314
255  765
255  367
255  666
255  325
255  761
255  307
256  665
256  556
256  863
256  331
256  571
257  868
257  765
257  754
257  729
257  292
258  614
258  323
258  778
258  712
258  860
259  751
259  963
259  912
259  326
259  727
260  778
260  641
260  271
261  773
261  808
261  577
262  462
262  618
262  470
263  836
263  985
263  900
264  280
264  780
264  883
264  718
264  956
264  573
265  522
265  518
265  884
265  653
265  528
265  786
266  727
266  684
266  592
266  961
266  629
267  807
267  861
267  991
268  641
268  377
268  666
268  709
268  419
268  495
269  576
269  541
269  808
269  934
269  813
269  275
269  889
270  831
270  557
270  321
270  914
270  727
270  472
270  626
270  273
271  871
271  321
271  912
271  802
271  891
271  496
271  646
272  621
272  806
272  689
272  587
272  834
272  788
273  583
273  300
273  843
273  847
273  934
273  322
273  622
273  624
273  849
273  910
274  318
274  538
274  777
274  844
274  830
274  800
274  415
275  347
275  351
275  871
275  979
275  675
275  413
276  443
276  952
276  544
277  456
277  828
277  383
278  876
278  424
279  441
279  622
279  932
279  710
281  291
281  327
281  936
281  518
281  441
282  612
282  373
282  429
282  981
282  891
283  751
283  665
284  740
284  609
284  773
284  600
284  709
285  874
285  587
286  517
286  637
286  374
286  472
286  720
287  459
287  603
287  945
288  297
288  351
288  341
288  860
288  974
288  901
288  798
289  491
289  654
289  570
290  507
290  355
290  532
290  998
290  406
290  975
291  794
291  947
291  601
292  652
292  346
292  374
292  536
293  790
293  957
294  856
294  942
294  359
295  456
295  399
295  742
295  509
296  542
296  718
296  762
296  444
296  374
297  670
297  697
297  458
297  941
297  556
298  648
298  554
298  399
298  301
298  491
299  301
299  986
299  694
300  982
300  761
300  687
301  334
301  662
301  604
302  949
302  505
302  381
302  467
303  480
303  807
303  905
303  413
304  531
304  841
304  541
304  930
306  460
306  981
306  751
306  564
307  506
307  476
307  966
307  369
307  796
307  927
307  533
308  455
308  905
308  855
308  500
308  686
309  880
309  652
309  421
309  940
310  354
310  672
310  777
310  443
310  759
311  384
311  803
311  591
312  988
312  647
312  798
313  875
313  776
313  557
313  325
313  937
313  343
313  637
314  932
314  913
314  571
314  534
315  545
315  443
316  729
316  689
316  961
317  370
317  837
317  973
317  585
318  943
318  761
318  336
318  738
318  499
319  572
319  326
319  839
319  415
319  456
320  527
320  335
320  865
321  953
321  418
321  563
322  343
322  477
322  371
322  743
323  340
323  948
323  604
323  665
323  806
324  605
324  955
324  743
324  349
324  342
324  765
324  679
324  876
324  836
325  916
325  425
325  595
325  638
326  542
326  327
326  587
326  887
326  870
327  586
327  848
327  872
327  601
328  350
328  935
328  706
328  541
328  384
329  940
329  969
329  932
330  429
330  333
331  589
331  413
331  682
331  806
331  634
331  545
331  962
332  933
332  634
332  675
332  447
332  883
332  906
333  937
334  838
334  383
334  881
334  399
334  552
334  426
334  861
335  435
336  530
336  408
336  388
336  345
336  535
336  959
336  366
336  788
337  411
337  948
338  561
338  701
338  656
338  792
338  463
338  353
339  472
339  894
340  735
340  712
340  971
340  490
340  699
340  545
340  798
340  745
341  910
341  572
341  928
341  529
341  696
341  986
341  690
342  398
342  763
342  472
342  925
342  482
342  901
342  815
343  719
344  603
344  931
344  531
345  574
345  725
346  428
346  542
346  487
347  952
347  889
347  621
348  522
348  362
348  594
349  935
349  914
350  868
350  695
350  366
350  591
350  672
351  445
351  463
351  379
351  741
351  484
351  503
352  790
352  430
352  397
353  976
353  595
353  652
354  684
354  708
354  765
355  855
355  363
356  806
356  417
356  495
356  750
357  733
357  812
357  441
357  704
358  945
358  989
358  824
359  697
359  378
359  442
360  935
360  538
361  871
361  945
361  547
361  621
361  769
361  700
362  531
362  491
362  883
362  795
363  861
363  406
363  546
363  453
363  654
364  876
364  554
365  927
366  922
366  627
366  872
366  453
366  737
367  454
367  738
367  815
368  613
368  897
368  488
368  593
368  841
369  615
369  509
369  856
369  738
370  895
370  955
370  507
370  489
371  474
371  586
371  656
372  656
372  752
372  813
373  754
373  420
373  933
374  509
374  701
374  413
375  875
375  852
375  886
375  743
375  856
376  704
376  772
377  497
377  429
377  647
378  626
378  710
379  393
379  985
379  793
379  436
380  488
380  910
380  703
381  910
381  984
381  841
381  727
382  524
382  514
382  757
382  565
383  938
383  667
384  523
385  460
385  708
385  735
385  578
386  547
387  797
387  643
387  835
387  399
388  598
388  403
388  951
388  788
388  746
390  524
390  587
391  988
392  795
393  901
393  822
393  692
393  774
393  423
394  864
394  424
394  678
395  566
395  594
395  846
395  847
395  773
396  481
396  761
397  973
397  862
397  673
397  864
398  488
398  927
399  566
399  535
399  859
399  482
400  564
400  930
400  973
400  715
401  658
401  429
401  678
401  668
402  520
402  513
402  646
402  631
403  812
403  793
404  676
404  738
404  920
404  916
404  476
405  889
406  749
406  478
406  516
406  585
406  463
406  909
407  511
407  857
407  482
408  914
408  455
408  940
408  517
408  944
409  767
409  712
409  529
410  482
410  850
410  478
410  971
410  611
410  616
411  668
411  686
411  878
412  576
412  751
413  787
413  831
413  583
414  443
414  932
414  779
415  849
415  677
415  556
415  448
415  642
415  984
415  862
415  992
416  576
416  945
416  958
416  671
417  750
417  843
418  647
418  786
419  853
419  867
419  774
419  582
420  517
420  770
420  537
420  872
421  444
421  784
421  826
421  689
421  496
421  982
421  767
422  829
423  920
423  997
423  644
423  750
423  490
423  876
424  761
424  743
425  488
425  436
425  743
426  976
426  479
427  497
428  470
428  828
428  819
429  902
430  622
430  952
430  846
430  867
431  600
432  892
433  746
434  566
434  626
434  810
434  699
435  516
435  579
435  447
435  945
436  821
436  822
436  585
436  548
437  497
437  652
437  925
437  469
437  971
437  933
438  915
440  573
440  687
440  928
440  935
440  497
441  631
441  502
441  583
441  615
442  776
442  682
443  607
443  639
444  908
444  615
444  726
445  752
445  578
445  834
446  885
446  483
446  602
446  479
447  556
447  524
447  674
447  947
448  837
449  648
449  513
449  654
449  611
450  764
450  649
450  783
451  886
451  884
451  762
452  847
453  843
453  787
453  889
453  573
454  899
454  460
454  648
455  768
455  656
455  736
455  767
455  725
455  488
455  530
455  966
456  774
457  820
458  478
458  829
459  777
459  775
460  689
460  850
460  858
460  670
461  773
461  805
461  616
461  538
461  874
461  533
462  591
462  750
462  920
463  992
463  627
463  729
463  679
463  602
464  478
464  942
464  784
464  685
464  498
465  515
465  837
466  543
466  573
467  843
467  561
468  989
468  701
468  731
469  688
469  675
469  509
469  504
469  951
470  825
470  490
470  996
471  638
472  937
472  709
472  688
473  845
473  481
473  715
474  664
474  890
474  997
474  839
474  965
475  975
475  971
475  707
476  789
476  711
476  751
477  672
477  815
477  544
477  840
477  661
478  932
478  737
478  508
479  648
479  930
480  627
480  834
480  647
481  904
481  761
482  569
482  712
482  608
482  499
483  581
484  490
484  917
484  500
484  594
484  659
484  975
485  866
485  928
485  893
486  787
486  548
486  786
486  874
486  769
486  634
487  826
487  670
488  613
488  728
488  993
489  785
489  788
489  820
490  667
490  560
490  934
490  814
491  615
492  783
492  971
492  949
493  873
494  793
494  631
495  697
495  624
496  816
497  931
497  602
497  632
497  679
498  903
498  565
499  555
499  900
499  509
499  817
500  553
501  787
501  956
501  747
501  763
501  575
502  726
502  608
502  620
503  829
503  686
504  894
505  697
505  511
506  630
506  629
506  554
506  712
508  613
509  678
510  635
510  621
510  765
510  868
510  520
510  978
510  783
511  639
511  966
512  985
513  889
513  643
513  550
514  975
515  941
515  986
515  528
516  786
516  758
516  931
517  555
518  769
518  736
518  965
518  566
518  909
518  626
519  726
520  658
520  837
520  880
521  750
522  846
522  652
522  600
522  668
522  620
523  888
523  969
524  583
524  813
524  971
526  824
526  871
526  559
527  634
527  876
528  933
529  624
530  571
530  966
530  847
530  709
532  924
532  854
532  682
533  593
533  694
534  862
534  693
535  618
535  649
535  764
535  961
536  667
536  640
537  787
537  883
537  581
537  637
538  545
539  781
539  997
539  763
540  761
540  597
540  987
541  879
541  988
541  853
542  935
542  877
542  993
542  630
542  973
543  566
543  570
544  719
546  931
546  775
547  992
547  762
547  985
547  936
547  954
548  684
548  766
548  609
548  651
549  683
549  745
549  602
549  746
550  683
550  625
551  723
551  694
551  569
551  839
552  667
553  872
555  848
555  956
555  588
556  679
556  856
556  738
556  658
557  791
557  772
557  924
558  729
558  760
558  820
559  665
560  700
560  600
560  748
560  594
561  977
561  575
562  586
562  638
562  897
563  653
563  679
564  565
564  646
565  606
565  706
565  711
567  982
567  832
567  821
568  611
568  915
568  830
569  805
569  735
569  829
570  592
570  852
571  834
571  983
572  622
572  706
573  927
573  795
573  999
574  745
574  959
575  584
575  849
575  965
575  904
576  936
577  589
577  648
578  676
578  780
579  662
579  708
579  603
579  974
580  902
580  772
580  886
580  585
580  990
580  952
581  992
581  769
581  900
581  764
582  817
582  626
582  745
583  768
585  756
586  662
586  922
586  689
587  824
587  626
587  884
587  873
587  805
588  714
588  670
589  898
589  664
589  913
589  883
589  705
590  643
590  711
591  855
591  613
592  990
592  818
592  885
592  854
593  819
593  594
594  615
595  636
595  952
595  703
596  737
596  660
596  632
596  889
596  935
596  809
596  796
596  666
597  836
597  783
597  799
598  999
599  696
599  780
599  950
600  844
600  829
601  981
601  635
601  769
601  844
602  682
602  621
602  903
603  855
603  790
603  657
604  835
604  799
604  860
604  691
604  717
604  829
605  702
605  849
605  667
605  934
606  629
607  754
608  861
608  630
609  947
609  930
609  995
611  715
611  947
611  616
612  890
612  990
612  708
612  669
612  932
614  742
614  791
614  703
614  812
615  734
616  850
617  756
618  850
618  761
618  767
618  769
619  936
619  746
619  763
620  666
620  669
620  845
620  672
621  762
621  668
621  999
621  971
622  866
622  924
623  862
623  761
623  983
624  956
624  632
624  766
625  909
625  781
625  950
626  802
626  935
626  998
626  917
627  673
627  937
628  690
630  902
630  859
631  632
631  645
631  890
632  649
632  909
633  809
633  996
633  827
633  808
634  955
634  646
635  785
635  769
635  693
635  832
636  703
636  979
636  999
637  644
637  783
637  964
637  854
637  784
637  853
637  859
637  765
638  755
638  786
638  704
639  908
640  888
640  921
640  714
641  932
641  650
641  658
642  811
642  748
642  670
643  744
643  661
644  963
644  912
644  898
644  790
645  756
645  904
646  834
646  757
646  680
646  873
649  676
649  993
650  700
650  779
651  881
651  974
654  869
654  900
654  673
654  801
655  743
656  736
656  875
657  945
657  951
658  883
658  857
658  687
658  823
659  891
659  943
659  875
660  678
660  966
660  863
661  796
662  724
662  982
663  777
663  726
664  878
664  999
664  956
665  994
665  809
665  812
666  807
666  872
667  882
668  779
668  905
668  804
669  760
669  903
670  893
670  686
671  994
672  748
672  977
672  948
674  915
674  681
674  776
674  730
675  916
675  866
675  712
675  779
675  768
675  814
675  959
676  975
676  685
677  989
677  767
677  960
680  697
682  852
682  786
682  773
683  905
683  807
683  790
683  978
684  795
684  963
685  913
685  848
685  863
686  945
688  884
688  983
688  967
689  824
689  790
689  744
689  971
690  937
690  997
690  941
690  878
692  798
692  805
692  846
693  757
693  876
693  777
695  933
695  951
696  937
696  780
696  787
696  991
699  844
700  935
700  927
700  714
701  751
701  718
702  960
703  948
703  760
704  767
704  849
705  853
705  932
707  812
708  778
708  749
708  788
708  781
708  745
709  841
709  951
709  744
710  947
710  887
711  837
711  959
713  823
713  860
713  915
713  784
714  822
714  908
714  819
715  864
715  843
715  947
715  738
717  871
717  770
717  906
718  781
718  719
718  956
718  782
721  883
721  794
721  989
721  991
724  832
724  827
724  778
724  892
725  785
725  766
726  919
727  967
727  980
728  960
728  839
729  984
729  915
731  778
731  947
731  829
731  891
731  850
732  882
732  896
733  772
735  768
735  779
735  941
735  950
735  843
735  929
736  750
736  908
736  878
737  937
738  961
740  961
740  895
742  872
743  922
743  993
744  840
744  937
745  878
746  756
746  999
747  752
747  757
747  843
748  956
749  889
749  937
749  885
750  827
751  979
751  800
752  757
754  785
754  915
755  850
755  869
755  771
759  820
759  934
760  798
762  908
762  763
762  915
763  846
764  933
765  798
765  900
768  956
770  933
771  988
773  875
773  833
773  908
775  785
775  806
776  814
776  858
776  854
776  916
777  856
779  798
780  922
781  976
781  883
782  846
783  904
784  822
784  931
785  978
785  850
786  840
787  890
789  913
790  984
791  804
792  845
792  909
792  911
793  971
793  958
793  895
794  873
794  869
796  998
796  990
797  979
798  961
799  839
799  866
800  902
800  948
800  989
800  831
801  935
801  821
802  905
805  915
805  985
805  892
806  851
806  856
806  844
807  917
807  907
808  892
810  815
810  933
813  848
813  968
813  880
815  987
816  852
816  892
817  945
822  864
825  937
827  953
830  917
830  900
830  887
830  916
830  880
832  867
832  860
833  871
833  841
834  919
835  885
835  847
836  937
838  975
840  872
840  901
842  921
846  939
848  911
849  859
849  979
849  970
850  881
851  958
851  866
854  877
856  877
857  992
858  864
858  918
860  881
861  945
861  883
862  910
862  913
863  989
864  920
864  959
865  901
866  901
866  921
866  915
867  997
868  873
870  893
872  930
873  953
875  886
875  913
877  937
879  944
880  881
881  916
883  909
885  910
886  899
887  997
890  959
892  915
892  897
892  903
892  925
893  951
893  932
896  992
898  940
902  939
907  980
909  976
909  953
909  979
914  953
915  975
917  997
923  924
928  949
931  999
936  944
938  959
940  953
944  973
947  958
951  958
954  982
954  984
965  972
966  997
973  996
997  998
