0  957
0  53
0  344
0  480
0  284
0  69
0  586
0  561
0  648
0  517
1  168
1  273
1  447
1  179
1  517
1  163
2  842
2  835
2  73
2  594
2  186
2  852
3  160
3  12
3  946
3  895
4  470
4  227
4  813
5  233
5  576
5  790
5  184
5  626
5  226
5  962
6  151
6  213
6  187
6  563
7  129
7  92
7  313
7  309
7  148
7  664
7  901
7  408
7  324
7  908
8  477
8  797
8  799
8  982
8  721
9  678
9  120
9  477
10  928
10  191
11  954
11  804
12  472
12  908
12  49
12  88
12  31
12  565
12  498
13  371
13  708
13  600
13  950
14  80
14  449
14  913
14  374
14  893
15  534
15  163
15  330
15  625
15  239
16  59
16  792
16  877
16  613
16  554
16  890
16  761
16  272
16  120
17  482
17  79
18  596
18  833
18  170
18  795
18  753
19  98
19  540
19  617
20  114
20  946
20  953
20  225
20  290
20  757
20  326
21  130
21  259
21  22
21  752
21  570
21  982
22  378
22  821
22  952
22  771
22  274
22  836
22  717
22  82
22  951
22  381
22  569
22  484
22  85
23  647
23  66
23  490
23  880
23  606
23  180
23  791
24  230
24  289
24  192
24  556
24  465
24  907
24  472
25  29
25  673
25  54
25  394
25  631
25  421
26  304
26  37
26  812
26  711
27  671
27  227
27  581
27  44
27  242
28  47
28  132
28  640
28  579
28  399
28  568
29  316
30  371
30  76
30  229
30  741
30  831
30  378
31  629
31  785
31  518
31  790
31  374
31  627
31  875
31  135
31  515
31  193
32  198
32  492
32  286
32  685
32  83
32  681
32  216
32  168
32  620
32  732
33  57
33  59
33  513
33  542
33  456
33  313
33  440
34  698
34  226
34  547
34  561
34  936
34  760
35  284
35  740
36  633
36  386
36  180
37  688
37  290
37  957
37  227
37  350
37  910
37  969
37  788
38  991
38  688
38  934
38  681
38  379
38  219
38  628
38  840
39  67
39  196
39  301
39  684
39  511
39  958
40  703
40  778
40  430
40  63
41  979
41  593
41  797
41  804
41  545
41  73
41  336
41  584
42  857
42  470
42  862
42  155
42  916
43  271
43  629
43  996
43  960
44  565
44  132
44  955
44  224
44  267
44  516
44  741
45  64
45  950
45  699
45  996
45  637
45  225
45  60
45  977
46  963
46  269
46  559
46  70
46  189
47  744
47  890
47  273
47  997
47  964
47  116
48  295
48  509
48  701
48  191
48  88
48  973
48  708
49  985
50  250
50  325
50  246
50  95
50  538
51  105
51  829
51  780
51  699
51  634
51  899
51  241
51  620
51  729
52  862
52  100
52  324
52  323
53  299
53  409
53  275
53  103
53  776
53  674
53  979
54  204
54  590
54  920
54  699
54  490
54  141
54  757
54  989
54  991
55  385
55  454
55  557
55  396
55  314
56  627
56  332
56  555
57  199
57  129
57  521
57  156
57  901
57  882
57  469
57  441
58  515
58  642
58  479
59  142
59  806
60  772
60  913
60  755
60  992
60  138
60  317
60  603
60  267
60  656
61  369
61  590
61  797
61  651
61  912
61  301
61  726
62  631
63  863
63  378
63  342
63  870
63  676
63  96
63  949
63  246
63  367
63  64
63  139
63  275
64  478
64  536
64  585
64  919
64  747
64  300
65  843
65  504
65  124
65  495
66  226
66  404
66  191
66  944
66  185
67  588
67  251
67  995
67  727
67  947
68  812
68  441
68  962
68  934
69  761
69  150
69  153
69  460
69  944
69  373
69  440
70  387
70  219
70  840
70  760
70  459
70  619
71  653
71  686
71  660
72  641
73  794
73  486
73  269
73  605
74  420
74  707
74  99
74  651
74  473
74  646
75  900
75  901
75  899
75  224
75  410
76  594
76  108
76  281
76  138
76  682
77  726
77  470
77  585
77  230
78  339
78  812
78  184
78  822
78  490
78  94
78  746
79  173
79  540
79  713
79  877
79  140
79  238
79  902
79  745
79  84
80  987
80  493
80  852
81  729
81  537
81  631
81  112
81  987
81  468
82  970
82  288
82  258
82  164
82  437
82  255
83  495
83  175
83  891
84  582
84  830
84  990
84  522
84  188
85  142
85  998
85  583
85  135
85  489
86  593
86  375
86  229
86  476
86  493
86  390
87  617
87  296
87  123
87  399
88  920
88  349
88  755
88  871
89  249
89  625
89  653
89  573
89  733
89  264
89  323
89  307
90  720
90  898
90  198
90  735
90  317
90  779
90  665
90  650
90  646
91  334
91  240
91  804
91  101
91  816
91  455
91  403
92  297
92  310
92  665
92  833
92  342
93  131
93  749
93  277
93  410
93  735
93  518
94  164
94  636
94  365
94  863
94  558
94  456
95  206
95  256
95  709
95  168
95  482
95  855
96  450
96  672
96  648
96  821
96  349
96  497
96  120
96  406
96  884
97  300
97  301
97  765
97  421
97  245
98  199
98  682
98  859
98  585
98  467
98  577
98  683
98  279
99  331
99  373
100  544
100  485
101  151
101  270
101  460
101  656
101  463
101  109
102  763
102  361
102  998
102  546
102  950
102  183
102  253
103  367
103  325
103  959
103  725
104  729
104  968
104  634
105  137
105  221
105  819
105  595
105  376
105  469
105  908
105  825
105  930
105  917
106  165
106  415
106  412
107  489
107  831
107  721
107  373
107  821
107  784
107  795
107  350
107  351
108  684
108  490
108  322
108  557
108  939
108  867
109  289
109  385
109  781
109  558
110  306
110  152
110  571
110  286
110  632
110  944
111  821
111  639
111  738
112  868
113  547
113  639
114  439
114  480
114  631
114  488
114  842
114  371
115  482
115  618
115  985
115  654
115  226
116  971
116  124
116  786
116  674
117  523
117  363
117  148
117  135
117  957
117  749
118  338
118  634
119  506
119  268
119  757
119  428
119  903
120  420
120  983
120  449
120  229
120  633
120  545
120  971
120  302
120  829
120  891
121  801
121  806
121  247
121  936
121  833
122  123
122  813
122  521
122  362
122  229
122  296
123  174
123  336
123  848
123  955
123  347
123  264
124  793
124  527
124  859
124  773
124  651
124  143
124  350
125  915
125  664
125  940
125  566
125  292
126  229
126  222
126  970
126  432
126  249
126  907
126  190
127  350
127  271
127  736
127  742
127  154
128  750
128  376
128  989
129  668
129  716
129  467
129  844
129  284
130  221
130  501
130  513
130  649
130  950
131  288
131  739
131  887
131  255
131  873
132  135
132  612
133  327
133  991
133  440
133  704
134  279
134  725
134  175
134  651
134  933
134  921
134  679
135  368
135  955
135  324
135  443
135  839
135  249
135  749
135  247
135  700
135  302
135  409
135  688
135  529
136  879
136  700
136  970
136  585
136  998
136  181
136  222
136  857
137  300
137  157
137  324
138  682
138  885
138  698
138  331
138  831
138  704
138  590
139  268
139  932
139  842
139  462
139  537
139  811
139  903
139  907
140  228
140  954
140  816
140  443
140  283
140  168
140  849
140  365
140  223
140  554
141  426
141  481
141  658
141  478
141  420
142  622
142  674
142  962
142  858
143  762
143  739
143  446
143  507
144  751
144  307
144  703
144  743
144  914
144  254
145  476
145  865
145  262
145  584
145  625
145  778
145  445
146  189
146  324
146  334
146  290
147  530
147  890
147  297
147  766
148  261
148  510
148  883
149  533
149  849
149  295
149  578
150  527
150  783
150  903
150  737
150  465
150  899
151  560
151  252
151  510
151  484
151  652
151  870
151  396
151  761
152  782
152  537
153  664
153  937
153  575
153  723
153  430
153  657
154  630
154  848
154  914
154  160
154  506
154  849
155  994
155  886
155  750
155  565
156  574
156  588
156  800
156  477
156  182
156  426
157  331
157  996
158  504
158  893
158  997
159  728
159  789
159  217
160  356
160  344
160  238
160  410
160  937
160  510
161  332
161  228
161  447
162  718
162  685
162  446
162  460
162  256
163  527
163  569
163  463
163  802
163  279
163  522
164  639
164  951
164  460
165  829
165  574
165  900
165  319
166  526
166  960
166  398
166  379
166  805
167  777
167  303
168  434
168  411
168  785
168  914
168  902
169  946
169  254
169  239
170  390
170  477
171  493
171  309
171  797
172  508
172  233
172  453
173  556
173  817
173  195
173  393
174  752
174  271
175  248
175  250
175  534
175  707
175  863
175  638
176  814
176  219
176  273
176  682
176  926
177  701
177  416
177  882
177  931
177  815
177  964
178  888
178  699
178  542
178  481
178  622
179  685
179  789
179  883
179  369
179  701
179  850
179  634
179  983
180  702
180  858
180  838
180  688
180  270
180  996
180  435
180  369
180  637
180  728
181  576
181  510
181  974
181  483
181  223
181  983
181  794
182  991
182  368
182  913
182  395
182  391
182  944
183  771
183  393
183  565
183  447
183  912
183  286
183  367
183  754
183  535
183  852
184  772
184  350
184  415
184  522
184  901
184  393
184  347
184  445
185  778
185  497
185  370
185  856
185  484
185  614
185  862
186  247
186  304
186  322
187  934
187  426
187  657
187  958
187  760
188  384
188  338
188  714
188  798
188  405
188  942
189  648
189  518
189  316
189  288
189  414
189  324
190  755
190  836
190  950
191  756
191  408
191  785
191  940
191  681
192  483
192  836
192  357
193  949
193  220
193  993
193  858
194  610
194  940
194  874
194  315
195  964
195  656
195  474
195  379
196  366
196  538
196  947
196  603
196  381
197  322
197  224
197  226
197  308
197  520
197  280
197  209
198  620
198  255
198  989
198  882
198  623
198  406
198  829
198  619
198  335
199  784
199  518
199  361
199  431
199  915
199  356
200  995
200  966
200  695
200  234
200  399
200  551
200  847
200  201
201  260
201  446
201  617
201  470
201  252
201  675
201  685
201  782
202  813
202  455
202  919
202  969
202  286
202  860
202  288
202  617
202  703
202  240
202  285
203  949
203  695
203  559
203  406
203  619
204  450
204  949
204  447
204  414
204  357
204  244
205  425
205  220
205  667
205  594
205  313
206  250
206  596
206  869
207  675
207  495
207  536
207  931
207  329
207  982
208  864
208  436
209  455
209  404
209  836
209  889
210  604
210  648
210  631
211  597
211  813
211  423
211  308
212  880
212  306
212  662
212  774
212  806
212  490
213  327
213  693
213  292
213  844
213  692
213  805
214  896
214  614
214  308
214  915
214  269
215  901
215  633
215  252
215  779
216  439
216  649
216  931
216  530
216  554
216  759
216  974
217  256
218  536
218  528
218  867
218  653
218  264
219  874
219  674
219  233
219  290
220  962
220  728
220  793
220  979
221  691
221  518
221  630
222  318
222  636
222  253
222  839
223  826
223  823
223  437
223  630
223  276
223  662
223  506
223  399
224  854
224  655
224  312
224  288
224  674
225  759
225  499
225  753
225  901
226  703
226  696
226  288
226  638
226  582
226  866
227  273
227  862
227  665
227  568
228  553
228  598
228  945
228  360
228  684
228  443
228  424
229  795
229  713
229  892
230  702
230  404
230  638
230  941
231  885
231  323
231  529
231  767
232  643
232  277
232  528
232  872
233  397
233  344
233  258
234  248
234  363
234  535
234  859
234  282
234  940
234  541
235  366
235  399
235  455
235  425
236  615
236  340
236  735
236  879
236  351
237  764
237  848
238  880
238  734
238  671
238  436
239  829
239  931
239  346
239  428
239  675
240  500
240  914
240  635
240  534
241  476
241  891
241  420
241  793
241  799
242  785
242  366
242  252
242  745
243  537
243  423
243  530
243  785
243  312
243  489
243  825
244  911
244  643
245  556
245  827
245  586
245  720
246  543
246  784
246  899
246  334
247  480
247  934
247  568
247  815
247  469
247  503
247  349
247  661
248  591
248  327
248  520
249  823
249  927
249  571
249  750
250  690
250  453
250  738
251  434
251  419
251  710
251  906
251  307
251  634
252  370
252  415
252  655
252  319
252  522
253  263
253  653
253  578
253  355
253  871
253  805
254  273
254  448
254  549
254  423
254  865
255  536
255  651
255  373
255  863
255  484
255  715
256  529
256  536
257  288
257  904
257  276
257  475
257  741
257  663
257  555
257  321
258  336
258  806
258  882
258  603
258  397
259  419
259  337
259  333
259  604
260  849
260  622
260  771
261  959
261  524
262  932
262  540
262  717
262  508
263  845
263  444
263  755
263  563
263  684
263  674
264  958
264  981
264  440
265  636
265  759
265  727
265  716
265  576
265  990
266  901
266  559
266  484
266  556
266  338
266  786
266  831
267  620
267  795
267  362
268  303
268  551
268  612
268  530
269  626
269  998
269  501
269  386
269  908
270  284
270  398
270  280
270  647
270  897
270  687
271  947
271  724
271  633
271  828
271  875
271  937
272  984
272  309
272  314
272  686
272  441
272  428
273  437
273  445
273  564
273  839
273  488
273  734
273  369
274  907
274  783
274  491
274  751
274  341
274  764
274  703
275  980
275  776
275  613
275  606
275  298
275  946
276  444
276  304
276  705
277  442
277  474
277  387
277  468
278  688
278  441
278  671
278  349
278  400
279  714
279  869
280  391
280  996
281  518
281  766
281  989
281  938
282  752
282  380
282  523
282  541
283  342
283  397
283  934
284  771
284  725
284  736
284  842
284  766
285  560
285  871
286  589
286  338
286  364
286  888
286  958
286  919
287  898
287  905
287  611
287  915
287  778
288  903
288  908
288  325
288  750
289  551
290  557
290  435
290  587
290  978
291  314
291  375
291  310
291  876
292  913
292  541
292  340
293  698
293  872
293  546
293  819
294  839
294  500
294  572
294  590
295  619
295  684
295  472
295  670
295  711
295  598
295  461
296  736
296  479
296  743
297  431
297  889
297  812
297  859
297  853
298  318
298  696
298  411
298  686
298  944
298  927
298  699
298  320
299  576
299  681
299  501
300  536
300  596
300  744
301  933
301  673
302  361
302  607
302  796
302  772
303  980
303  493
303  466
304  416
304  339
304  437
305  658
306  701
306  477
306  792
306  804
306  385
307  601
307  664
307  982
307  737
307  738
307  548
308  436
308  463
308  880
308  318
309  476
309  960
309  409
309  334
309  630
310  730
310  913
310  361
310  666
311  997
311  397
311  797
311  900
312  487
312  861
312  455
313  586
313  909
313  860
313  595
314  350
314  599
314  919
314  933
314  500
315  855
315  528
316  602
316  643
317  639
317  762
317  623
317  540
317  510
317  944
317  668
317  432
318  870
318  416
318  664
318  931
319  748
319  795
319  689
319  504
319  417
319  972
320  848
320  875
321  860
321  930
321  499
321  413
321  995
321  581
322  588
322  953
323  474
323  495
323  437
323  623
323  882
323  735
324  505
324  822
324  600
325  797
325  805
325  835
325  931
326  764
326  600
326  768
326  965
326  745
326  769
327  357
327  668
327  456
328  588
328  882
328  974
328  550
328  501
328  863
329  471
329  636
330  511
331  714
331  816
331  608
331  340
331  717
331  691
332  624
332  861
332  423
332  690
332  484
332  986
332  346
333  912
333  773
334  992
334  484
334  971
334  900
334  530
334  713
335  570
335  490
335  837
336  646
336  760
336  916
336  820
336  358
336  849
337  764
337  803
338  516
338  761
338  730
338  888
339  866
340  749
340  796
340  497
340  502
340  707
340  936
340  503
341  555
341  996
341  916
341  732
341  975
341  679
341  408
341  466
341  811
342  663
342  436
342  735
342  587
342  400
342  936
343  657
343  716
343  739
343  888
343  915
343  445
344  692
344  747
345  555
345  604
345  936
345  647
346  902
346  516
346  780
346  413
347  788
347  624
347  747
348  406
348  480
348  553
349  808
349  356
350  614
350  800
351  469
351  534
351  470
351  851
351  714
351  513
351  364
352  483
352  767
352  663
353  488
353  490
353  742
353  986
353  779
354  453
354  677
354  805
354  476
354  976
354  415
354  784
354  574
355  724
355  743
355  385
355  635
356  632
356  688
356  707
356  721
357  764
357  792
357  894
358  395
358  636
359  764
359  619
359  491
359  517
360  618
360  590
361  807
361  561
361  922
361  475
361  391
362  636
362  906
362  482
362  457
362  797
362  649
363  749
363  421
363  602
363  992
363  831
363  612
364  611
364  996
365  990
366  738
366  867
366  953
366  743
367  737
367  870
367  979
368  524
368  591
368  451
368  755
368  384
369  629
369  594
369  555
369  388
369  737
370  943
370  758
370  676
371  445
371  554
372  447
372  543
372  972
373  462
373  886
374  988
374  666
374  667
374  832
375  663
375  583
375  643
376  801
376  899
377  929
377  641
377  946
377  996
378  890
378  656
378  994
379  861
379  492
379  397
379  479
380  951
380  482
380  444
381  943
381  858
381  665
382  973
382  626
382  709
382  702
383  655
383  998
383  989
383  735
383  872
384  803
385  658
386  640
386  615
386  700
387  710
387  410
387  683
388  665
388  633
388  427
388  435
388  803
390  636
390  501
390  824
390  871
391  397
391  734
392  455
392  546
393  714
393  718
393  453
394  402
394  462
394  574
395  848
395  441
395  681
395  720
395  673
396  878
397  743
398  651
398  596
398  460
399  693
399  901
399  448
399  403
399  617
400  525
400  957
400  646
401  805
401  854
401  693
401  654
401  787
402  823
402  996
402  873
403  465
403  846
403  867
403  915
404  478
404  579
404  860
405  407
406  737
406  693
406  936
406  611
406  948
406  785
407  920
407  775
407  810
408  722
408  862
408  634
409  772
409  442
410  712
410  633
410  607
411  842
411  541
411  668
411  546
412  880
413  916
413  711
413  523
413  832
413  689
413  927
414  627
414  572
414  774
414  672
414  764
415  765
415  720
415  653
415  634
415  526
415  486
415  794
415  688
416  586
416  509
417  507
417  775
418  491
418  621
418  634
418  620
419  987
419  442
419  424
420  787
420  994
421  830
421  666
421  488
421  548
421  607
421  645
422  655
423  879
423  435
423  811
423  778
424  580
424  932
424  660
425  753
425  434
425  984
425  859
425  998
425  946
426  898
426  602
428  887
429  612
429  695
429  795
429  756
429  430
429  714
430  603
430  845
430  787
430  741
431  541
432  529
433  990
434  555
434  908
434  714
435  454
435  785
435  792
436  739
436  549
436  834
436  988
436  473
436  940
437  625
437  621
438  698
439  586
440  955
440  496
440  844
441  728
441  564
441  711
441  896
441  560
441  529
441  685
442  930
442  497
442  948
442  835
443  635
443  658
443  818
444  737
444  824
445  787
445  906
446  650
446  585
447  789
447  597
447  578
448  866
448  582
448  757
449  573
449  532
449  550
450  541
450  674
451  826
451  710
452  705
453  728
453  600
453  819
453  560
454  782
454  514
454  674
455  952
455  863
455  842
455  959
455  501
456  670
456  874
456  932
457  592
458  487
458  658
458  697
458  898
459  641
459  749
460  778
460  553
460  795
461  533
461  676
461  760
461  532
461  798
461  803
462  616
462  595
462  534
463  770
463  649
463  674
463  522
463  610
463  700
464  588
464  957
464  798
464  911
464  855
465  908
465  952
465  550
465  804
466  876
466  610
467  497
467  805
468  701
469  835
469  774
469  845
469  599
470  909
470  846
472  792
472  599
472  490
472  568
472  631
472  767
473  668
474  966
474  702
474  672
474  523
475  828
475  511
476  600
476  534
476  753
477  563
477  890
477  761
477  926
478  726
478  750
478  568
478  532
478  500
478  889
478  989
479  648
479  920
479  874
479  859
479  665
480  575
481  496
481  862
481  809
482  716
482  868
482  724
482  786
483  601
484  621
485  718
485  522
485  754
485  853
486  934
486  951
486  784
486  860
487  820
487  642
488  895
488  993
488  640
488  625
489  510
490  768
490  771
490  753
490  854
491  608
492  952
492  931
493  734
494  743
494  992
494  933
494  872
495  577
496  730
496  796
497  661
497  776
497  883
497  876
497  789
498  977
498  712
498  970
498  518
499  631
499  917
499  948
499  522
499  786
500  566
500  828
500  846
501  692
501  958
502  512
502  557
502  527
502  702
502  894
502  696
503  854
503  740
504  569
504  580
504  930
505  827
505  601
506  567
506  846
506  900
506  783
507  919
507  807
508  713
508  695
508  667
508  766
509  941
509  756
509  849
509  603
509  897
510  899
510  745
511  717
511  625
511  602
512  615
513  644
513  520
514  830
515  683
515  586
515  878
515  614
516  675
516  936
516  544
516  950
516  922
517  783
517  669
517  853
518  645
518  691
518  908
518  706
519  699
519  901
520  588
520  787
521  689
522  740
523  599
523  855
523  737
524  787
524  816
524  611
524  544
524  780
524  644
525  578
525  847
526  575
527  846
527  949
527  564
528  914
528  913
529  694
529  607
529  734
529  654
529  555
530  944
530  953
531  544
531  687
531  636
531  678
532  891
532  820
532  582
533  786
533  666
534  988
534  848
534  951
535  658
535  588
535  803
536  904
536  546
537  856
538  608
539  768
539  661
539  565
539  881
540  728
540  914
540  684
540  880
541  682
541  908
541  568
541  705
541  559
542  840
542  844
543  641
543  844
543  717
544  865
544  741
544  717
545  878
546  900
546  591
546  871
547  967
547  837
547  940
547  712
547  641
547  669
548  604
548  907
548  635
548  772
549  819
550  552
550  618
551  761
552  645
552  943
552  559
553  662
553  640
553  586
554  671
554  859
554  964
555  833
556  670
556  807
556  767
557  689
558  856
560  703
560  832
560  743
560  843
561  793
562  615
562  734
562  599
563  967
563  688
563  805
563  634
564  585
564  666
564  773
566  765
566  625
567  881
567  797
567  807
568  987
568  753
569  970
570  681
570  600
570  857
570  622
571  736
571  701
571  936
572  932
572  992
572  712
572  731
572  933
573  734
573  629
574  645
574  904
574  657
574  624
575  964
575  911
576  889
577  896
577  674
577  814
577  788
578  813
578  595
578  696
579  909
579  673
579  640
579  749
580  696
580  727
580  892
580  935
580  825
581  631
581  772
582  740
582  993
582  988
583  888
584  590
584  652
584  791
585  646
585  996
586  938
586  983
586  907
586  827
587  784
588  625
588  985
588  915
589  965
590  612
591  974
591  676
591  960
591  970
591  892
592  848
592  849
592  932
593  792
593  671
593  991
593  745
594  960
594  946
595  646
595  851
595  860
595  900
595  867
595  679
595  936
595  942
596  746
596  603
596  764
596  845
596  899
597  645
598  725
598  780
598  880
599  668
599  690
600  706
600  943
601  701
601  875
601  695
601  709
602  991
602  787
602  833
603  833
603  641
603  794
603  922
604  700
604  877
604  859
605  672
606  728
607  756
607  799
607  849
608  689
608  636
608  978
610  628
610  797
610  880
611  614
611  951
611  660
611  861
613  921
613  726
613  889
613  828
614  821
614  879
614  847
614  800
615  744
615  935
616  843
617  919
617  791
618  631
619  860
619  905
620  787
620  908
620  923
620  842
620  899
620  863
621  961
621  682
621  767
621  875
622  814
623  923
623  692
623  835
624  858
625  997
625  965
625  874
625  882
625  752
626  965
626  824
626  694
626  747
626  856
628  908
628  730
628  884
628  769
629  972
629  658
630  666
630  943
630  906
630  642
631  897
632  832
632  929
632  834
633  947
633  708
633  770
633  671
635  710
635  914
635  794
636  984
636  880
636  849
636  771
637  978
637  799
637  925
637  730
638  651
638  934
638  649
638  728
640  783
641  975
642  775
642  877
642  762
643  653
643  761
643  860
644  657
644  906
645  950
645  804
645  693
645  774
645  840
647  823
647  889
647  945
647  746
648  829
649  775
650  883
651  854
651  934
651  737
652  677
652  751
653  981
655  674
655  682
655  809
657  683
657  990
657  779
658  872
659  987
659  865
659  723
659  882
659  711
659  667
659  831
660  954
661  921
661  815
663  689
663  859
663  667
664  682
664  981
665  685
666  669
667  909
667  978
667  703
667  677
668  739
669  913
669  865
669  807
669  965
670  814
671  992
671  978
672  828
672  776
672  760
673  866
673  710
673  818
674  855
674  786
675  935
675  958
675  786
675  978
676  979
677  915
677  936
678  812
678  916
678  830
678  772
680  839
680  742
681  826
681  692
681  955
681  694
681  698
683  750
683  836
684  844
685  834
686  997
687  956
687  954
687  801
688  950
689  895
690  891
691  972
692  777
694  828
694  713
694  816
695  722
695  836
695  734
696  711
696  932
697  926
699  857
699  707
700  715
701  978
702  871
702  886
702  841
702  775
703  776
704  790
705  848
707  850
707  870
707  997
707  959
708  923
708  731
708  812
708  893
708  726
708  891
709  727
709  735
711  739
711  972
712  995
713  744
713  955
714  838
716  762
717  759
717  838
717  723
717  960
718  768
719  871
720  851
722  783
723  882
723  923
723  984
724  944
725  996
726  909
726  934
727  869
727  974
727  980
728  865
729  892
729  935
729  792
730  890
730  793
730  742
730  867
732  775
734  892
734  768
734  873
735  970
737  811
737  862
737  756
741  914
742  799
742  784
742  838
742  978
744  915
744  828
744  842
745  860
746  756
746  883
746  993
748  975
748  774
748  946
748  921
748  782
749  986
749  842
750  892
750  826
750  976
750  868
751  909
751  949
753  985
753  790
754  891
754  894
754  769
755  857
755  889
755  888
756  806
758  763
758  991
759  888
760  914
760  862
760  793
761  777
761  971
762  861
762  843
762  942
762  803
763  935
763  809
763  789
763  774
764  934
764  977
765  843
766  928
766  958
767  904
768  952
768  983
768  772
768  936
768  973
769  898
769  975
770  996
770  776
770  814
771  963
771  865
771  882
772  924
772  915
772  968
773  988
775  796
775  835
776  854
777  950
777  944
777  847
778  900
779  892
780  843
780  933
780  988
781  998
782  970
782  855
782  874
784  842
786  919
786  924
786  929
789  809
789  849
789  850
791  912
792  896
793  931
795  857
798  860
798  837
799  841
799  933
801  834
803  926
804  946
806  918
807  997
808  902
808  912
809  976
810  998
811  910
811  812
812  974
814  841
815  923
818  858
819  850
820  926
822  850
823  920
824  886
825  983
826  834
826  971
829  929
829  926
830  890
830  931
831  989
831  845
833  843
834  918
836  972
838  955
839  891
840  886
840  845
843  900
844  916
845  972
847  981
847  874
848  970
849  939
850  964
851  952
852  886
852  929
853  875
853  925
854  929
855  930
855  947
855  865
859  885
861  970
861  884
863  908
863  956
864  889
865  938
865  891
866  995
867  882
868  893
868  936
870  966
871  935
871  978
872  885
873  914
873  927
874  932
874  931
875  974
876  936
876  970
876  909
877  958
879  961
880  889
882  958
883  957
883  965
884  956
884  929
884  991
884  936
885  921
886  921
888  935
892  928
892  934
893  917
894  904
894  955
894  939
897  950
900  961
902  965
908  951
909  968
911  955
912  931
914  978
914  969
916  932
919  921
920  975
924  960
926  930
927  944
930  951
939  948
939  963
941  983
948  953
956  988
981  990
981  996
983  984
