0  783
0  597
1  821
1  858
1  237
1  62
1  133
1  771
2  641
2  456
2  432
2  348
2  658
2  314
3  365
3  721
3  442
3  942
3  262
3  601
3  669
3  797
4  733
4  329
4  928
4  500
4  482
4  898
4  957
4  195
4  29
5  97
5  765
5  753
5  691
5  545
6  83
6  64
6  132
6  292
6  278
6  384
6  197
6  811
7  683
7  167
8  914
8  400
8  152
8  538
8  615
8  688
9  261
9  906
9  786
9  663
9  172
9  793
9  277
9  823
9  251
10  261
10  270
10  299
10  452
10  795
10  169
10  375
10  528
10  352
10  407
10  464
11  790
11  483
11  733
11  407
11  246
11  143
11  283
11  836
11  358
11  339
12  651
12  827
12  492
12  365
13  134
13  389
13  825
13  55
13  16
13  304
13  450
13  148
14  575
14  745
14  977
14  500
14  525
14  954
14  580
15  943
15  561
15  275
15  508
15  836
15  818
15  238
16  118
16  655
17  195
17  838
17  938
17  807
17  903
17  939
17  328
17  686
17  797
17  842
17  186
18  832
18  41
18  610
18  204
18  49
18  367
18  627
19  941
19  793
19  828
19  670
19  976
19  118
19  809
19  834
19  155
19  112
20  156
20  428
20  260
20  165
21  445
21  450
21  26
21  287
21  590
22  411
23  693
23  391
23  149
23  990
24  980
24  432
24  444
24  533
25  969
25  823
25  431
25  788
25  691
26  331
26  433
26  320
26  545
26  553
26  170
26  714
27  622
27  716
27  843
27  350
27  853
27  370
27  529
28  645
28  823
28  740
28  292
28  280
28  741
29  468
29  298
29  797
29  508
29  374
29  431
29  392
29  354
29  547
29  225
29  237
30  985
30  52
30  731
30  337
30  113
30  189
31  298
31  615
32  79
32  994
33  321
33  287
33  446
33  837
33  860
34  573
34  194
34  239
34  789
34  170
35  408
35  154
35  814
35  136
35  289
35  831
35  159
35  905
35  251
35  550
35  867
36  492
36  149
36  784
36  847
36  789
36  330
36  430
36  519
36  791
37  998
37  500
38  688
38  90
38  515
38  918
39  852
39  862
39  870
39  722
39  73
39  442
39  285
40  373
40  806
40  552
40  393
40  589
40  483
40  572
40  513
41  176
41  483
41  627
42  681
42  147
42  984
42  908
42  595
42  705
42  77
43  645
43  553
43  316
43  465
43  157
43  438
43  984
43  454
44  979
44  926
44  214
44  572
45  346
45  469
45  376
45  405
46  926
46  747
46  879
46  577
46  829
46  481
46  729
47  504
47  642
47  221
47  248
47  645
48  685
48  344
48  494
48  914
49  158
49  422
49  242
49  494
49  674
49  69
49  333
49  512
49  816
49  853
49  578
49  104
49  671
50  364
50  396
50  385
50  382
50  175
50  753
50  312
51  606
51  617
52  283
52  406
52  539
52  742
52  698
52  133
53  405
53  508
53  845
53  138
54  863
54  246
55  721
55  724
55  795
55  235
55  894
55  597
56  853
56  171
56  166
56  616
56  205
56  143
56  531
56  577
56  472
56  71
56  695
57  979
57  198
57  713
58  726
58  943
58  967
58  370
58  995
58  320
58  728
58  611
58  582
59  823
59  929
59  287
59  236
59  963
59  618
59  467
59  777
60  938
60  98
60  678
61  571
61  380
61  851
61  137
61  752
62  740
62  464
62  346
62  261
62  539
62  554
62  402
62  877
62  550
62  117
63  114
64  656
64  942
64  179
65  462
65  904
65  87
65  789
65  859
65  967
65  865
65  482
66  498
66  279
66  802
66  647
66  361
66  416
67  828
67  739
67  128
67  453
67  427
68  289
68  550
68  896
68  405
68  729
68  444
68  836
68  734
69  101
69  470
69  581
70  428
70  185
70  441
70  661
70  134
71  734
71  578
71  919
71  471
71  890
71  417
71  87
72  155
72  825
72  789
72  533
72  85
72  519
72  865
72  921
72  454
72  309
72  974
72  980
73  485
73  943
73  599
73  122
74  950
74  716
74  922
74  999
74  276
75  403
75  563
75  819
75  517
75  987
75  732
76  881
76  145
76  949
76  338
76  157
77  254
77  584
77  675
77  779
77  842
77  407
78  82
78  510
78  465
78  753
78  788
79  220
79  107
80  559
80  919
80  292
80  233
80  414
80  639
80  819
80  187
81  151
81  711
81  567
81  580
81  838
81  286
82  308
82  375
82  92
82  848
83  117
83  623
83  291
83  747
83  676
83  960
84  895
84  797
84  104
84  237
84  824
85  109
85  529
85  169
85  379
85  309
86  394
86  219
86  656
86  137
86  988
86  390
87  108
87  663
87  969
87  233
87  667
87  512
88  211
88  671
88  980
88  554
88  360
88  814
89  291
89  911
89  756
89  883
90  591
90  538
91  759
91  340
91  722
91  941
92  459
92  212
92  476
92  323
92  217
93  452
93  640
93  639
93  897
93  941
94  698
94  231
94  267
94  246
95  993
95  628
95  318
95  130
95  397
96  843
96  522
97  539
97  884
97  991
97  702
97  418
97  377
98  434
98  664
99  345
99  688
99  842
99  811
99  783
99  968
99  835
99  926
99  801
99  965
100  967
100  402
100  819
100  811
100  223
100  817
100  525
100  977
100  249
100  681
100  392
101  922
101  424
101  707
102  894
102  810
102  986
102  719
102  582
103  653
103  496
103  333
103  237
103  818
103  435
103  304
104  769
104  636
104  389
104  231
104  364
104  678
104  237
104  546
105  744
105  192
106  456
106  143
106  523
106  171
106  195
106  804
106  534
106  448
106  376
107  837
107  112
107  392
108  659
108  343
108  467
108  865
109  900
109  209
109  475
109  254
109  995
110  852
110  223
110  980
110  147
110  233
110  358
111  924
111  467
111  519
111  888
111  428
111  180
111  603
111  691
112  537
112  325
112  913
112  133
112  707
112  505
112  554
112  809
113  841
113  378
113  955
113  525
113  527
113  354
113  357
113  827
113  779
114  916
114  513
114  466
114  804
115  491
115  473
115  396
115  760
115  895
115  127
116  290
116  192
116  527
116  520
116  983
116  661
116  379
117  216
117  929
117  402
117  122
118  606
118  683
118  142
118  617
118  782
118  934
118  605
119  698
119  414
119  309
119  407
119  378
119  248
119  799
120  521
120  700
121  655
121  317
121  493
121  389
121  301
121  505
122  820
122  882
122  748
122  208
123  372
123  414
123  827
124  951
124  214
124  791
125  207
125  317
125  625
125  960
125  617
125  204
126  930
126  558
126  808
126  283
126  286
127  367
127  394
127  385
127  512
127  528
127  386
127  160
128  405
128  974
128  963
128  232
128  625
128  687
128  925
128  617
129  495
129  802
129  572
129  376
129  830
130  390
130  242
130  269
130  393
131  754
131  329
131  804
131  889
131  559
131  976
132  666
132  353
132  828
132  525
132  854
132  644
132  826
133  836
133  905
133  439
133  457
133  346
134  832
134  924
134  774
135  570
135  333
136  827
136  512
136  677
137  586
137  805
137  577
137  208
137  949
137  754
137  608
138  403
138  986
139  629
139  918
139  361
140  494
140  225
140  245
141  281
141  295
141  946
141  476
141  869
141  752
142  898
142  197
142  936
142  946
143  553
143  305
143  468
143  932
144  969
144  623
144  387
144  952
144  981
144  929
145  802
145  430
145  305
145  907
146  628
146  365
146  221
146  536
146  421
146  540
146  857
146  489
147  426
147  330
147  217
147  206
147  912
147  409
148  315
148  925
148  579
148  853
148  305
149  371
149  930
149  235
149  599
149  304
149  970
150  542
150  647
150  296
150  262
150  969
151  439
151  993
152  830
152  533
152  877
152  260
152  370
152  343
152  766
152  495
152  459
153  365
153  530
153  663
153  740
153  196
154  799
154  519
154  531
154  734
155  170
155  178
155  991
155  228
155  964
155  733
156  739
156  781
156  696
156  280
157  517
157  845
157  882
157  347
157  161
157  977
157  398
158  885
158  348
158  700
158  855
158  758
158  720
158  359
158  307
158  182
158  590
159  601
159  549
159  631
159  962
159  764
159  704
159  449
159  231
160  669
160  970
161  613
161  912
161  663
161  360
161  170
161  661
161  599
161  828
162  722
162  968
162  991
162  840
162  552
162  319
162  977
163  277
163  310
163  316
164  474
164  504
164  447
164  522
164  296
164  565
164  961
164  564
165  922
165  409
165  652
165  855
165  448
165  305
166  507
166  335
166  720
166  239
166  842
166  457
167  568
167  349
167  505
167  796
167  888
167  483
167  825
167  418
167  449
167  823
168  722
168  851
168  899
169  846
169  919
169  819
169  673
169  403
169  487
169  653
169  574
169  861
170  911
170  549
170  960
170  723
170  614
171  230
171  341
171  553
171  568
171  241
171  494
171  833
172  465
172  569
172  943
172  450
172  958
172  365
172  374
172  944
173  347
173  434
173  962
173  664
173  219
173  617
173  799
174  305
174  846
174  214
174  389
174  405
174  253
174  515
174  263
174  321
174  665
175  369
175  879
175  410
176  818
176  865
176  300
176  445
176  315
176  968
176  882
177  772
177  275
177  711
177  650
177  213
178  367
178  403
178  825
178  896
178  749
178  653
179  905
179  957
180  210
181  423
181  253
181  972
181  771
182  277
182  192
182  741
182  347
183  733
183  868
184  451
184  471
185  671
185  821
185  616
186  862
186  428
186  389
186  243
186  392
186  835
186  833
187  965
187  747
187  303
187  791
188  845
188  568
188  472
188  420
188  479
189  629
189  822
189  582
190  471
190  739
190  347
190  491
190  398
190  490
190  527
190  259
191  337
191  232
191  769
191  462
192  222
192  577
192  459
192  617
192  775
193  757
193  988
193  996
193  534
193  424
193  885
193  928
194  467
194  445
194  929
194  604
194  365
194  696
194  926
195  448
195  616
195  725
195  475
196  870
196  365
196  242
196  378
196  311
197  562
197  590
197  557
198  634
198  461
199  475
199  798
199  466
200  910
200  312
200  742
201  699
201  642
201  884
202  989
203  338
203  899
203  888
203  422
203  963
203  466
204  651
204  750
204  412
205  651
205  280
205  716
205  207
205  934
206  514
206  518
206  869
206  574
206  428
206  708
206  907
207  425
207  398
207  515
208  591
208  409
208  857
208  723
208  218
208  311
208  923
208  366
209  480
209  925
209  717
209  349
209  535
209  957
210  961
210  330
210  711
210  486
210  899
210  818
210  680
210  732
211  994
211  722
211  345
211  677
211  730
211  218
211  629
212  293
212  944
212  995
212  285
212  713
213  517
213  618
213  448
213  758
214  974
214  789
214  920
214  280
215  977
215  851
215  381
215  352
215  312
215  285
215  471
215  272
216  697
216  970
216  607
216  481
217  438
217  789
217  681
217  862
217  453
217  532
217  700
218  267
218  514
218  583
218  613
218  981
219  244
219  849
219  677
220  792
220  832
220  353
220  752
220  699
221  938
221  733
221  347
221  563
221  844
221  926
222  439
222  819
222  558
222  973
222  797
223  382
224  355
224  461
224  268
225  309
225  802
225  265
225  551
226  527
227  458
227  600
227  544
227  507
227  619
228  310
228  539
229  830
229  244
229  923
230  264
230  654
230  785
230  723
230  584
231  561
231  614
231  487
231  435
231  695
231  311
232  349
232  473
232  559
232  888
232  835
232  691
233  917
233  326
233  775
234  891
234  449
234  252
234  260
235  607
235  546
235  770
235  995
235  478
235  668
235  479
236  373
236  359
236  705
236  657
236  826
237  862
237  252
237  628
237  980
237  847
238  965
238  570
238  364
238  744
238  523
239  424
239  624
239  354
240  339
240  528
240  385
240  516
240  278
240  462
241  741
241  906
241  753
241  878
241  698
242  976
242  433
242  267
242  427
243  635
243  910
243  884
243  681
244  302
244  256
244  293
244  506
244  817
244  531
245  543
245  584
245  481
245  254
245  657
245  391
246  691
246  951
246  828
247  673
248  564
248  624
248  439
248  649
248  710
249  495
249  556
249  324
249  595
249  720
250  965
250  529
250  345
250  288
250  280
250  391
251  763
251  344
252  974
253  741
253  701
254  967
254  791
255  532
255  761
255  367
256  737
256  418
256  987
256  571
256  734
256  897
257  939
257  292
257  753
257  630
258  334
258  866
258  712
258  437
258  388
259  727
259  657
259  818
259  809
259  978
259  326
260  538
260  641
260  857
260  797
260  493
261  818
261  808
261  512
261  821
261  355
261  468
261  577
262  562
262  330
262  470
262  733
263  836
263  985
263  525
263  380
264  427
264  972
264  780
264  280
265  528
265  607
265  653
265  888
266  684
266  813
266  961
266  962
267  807
267  991
267  598
267  614
268  842
268  553
268  850
268  709
268  377
269  636
269  375
270  831
270  325
270  557
271  891
271  610
271  912
271  321
272  987
272  374
272  621
272  834
273  815
273  622
274  809
274  470
274  415
274  410
275  489
275  351
276  443
276  863
276  964
276  606
276  568
276  556
277  456
277  811
277  383
278  766
278  837
278  640
278  558
279  810
279  896
279  622
279  454
279  694
280  391
280  630
281  480
281  936
281  291
281  327
282  364
282  865
282  500
282  373
282  612
282  623
282  296
283  448
283  826
283  484
283  590
283  665
284  709
284  962
284  600
285  638
285  898
285  551
285  874
285  587
285  355
285  359
287  680
287  603
287  679
287  807
288  841
289  803
289  329
289  654
289  451
289  433
289  880
289  981
289  332
289  570
290  998
290  507
290  532
291  925
291  648
291  575
291  465
291  947
292  374
292  536
292  950
293  983
293  617
293  790
293  819
293  734
293  776
294  611
294  800
294  379
294  503
294  942
294  995
294  856
294  891
295  399
295  456
296  466
296  758
296  444
296  374
297  300
297  670
297  977
297  550
298  491
299  986
299  301
299  694
299  985
299  563
299  564
299  544
300  498
300  719
300  761
301  352
301  715
301  662
301  713
301  609
302  390
302  722
302  467
302  505
303  442
303  996
303  413
303  519
303  480
304  541
304  521
305  458
305  988
305  964
305  372
305  816
305  527
305  823
305  445
306  460
306  585
306  984
306  981
306  564
307  977
308  900
308  905
308  657
308  686
310  698
310  759
310  611
310  671
311  434
311  695
311  803
311  591
311  841
311  384
312  839
312  940
312  988
312  810
312  715
312  878
313  779
313  776
313  486
313  325
313  576
314  571
314  545
314  913
315  709
315  877
315  443
315  751
315  384
315  545
316  405
316  722
316  567
316  912
316  538
316  729
317  344
318  499
318  946
318  433
318  943
319  326
319  737
319  572
320  955
320  865
320  335
320  527
320  978
320  685
320  757
321  563
321  695
322  625
322  525
322  371
322  723
322  598
322  508
322  743
323  514
323  764
324  955
324  605
325  638
325  687
326  870
326  879
327  642
327  872
327  753
327  990
328  717
328  457
328  571
328  384
328  541
329  969
329  521
329  450
329  590
329  694
329  514
329  364
329  940
330  333
330  969
330  788
330  737
330  429
331  545
331  384
332  634
332  364
333  426
333  640
333  707
333  840
333  758
334  399
334  426
335  503
335  534
335  870
335  650
335  906
335  492
336  913
336  792
336  388
337  707
337  607
337  948
337  940
337  623
337  411
337  818
338  359
338  946
339  887
339  810
339  894
339  553
339  472
339  550
339  411
340  557
341  690
342  925
342  352
342  815
343  457
343  459
343  719
344  576
344  531
344  943
344  653
345  574
345  412
345  948
345  725
345  391
346  487
346  629
346  606
347  540
347  870
348  451
348  594
348  680
348  560
348  362
348  428
348  360
349  379
349  921
349  931
350  386
350  407
350  672
351  887
351  463
352  461
352  790
352  560
352  613
352  716
352  397
353  964
353  820
353  955
353  821
354  684
355  363
355  508
355  811
356  544
356  481
356  538
356  417
356  495
357  452
357  441
357  812
357  733
357  396
358  982
358  887
358  695
358  371
358  446
358  579
359  442
359  593
359  697
359  378
360  584
360  857
360  428
360  538
360  546
360  935
361  621
362  586
362  815
362  795
363  406
363  654
364  903
364  876
365  927
365  705
366  872
366  627
366  737
366  864
367  570
367  454
368  826
368  593
368  876
368  438
369  760
369  459
370  895
370  507
370  489
370  955
371  474
371  967
371  789
371  386
372  612
372  752
372  702
372  967
372  546
372  479
372  521
373  420
373  491
374  509
375  886
375  856
375  743
375  852
376  759
376  610
376  946
376  392
376  730
377  429
377  471
377  985
377  867
377  964
377  647
377  389
378  776
378  585
379  793
380  894
380  672
380  703
380  411
380  822
380  488
381  491
381  505
381  759
381  502
381  910
381  585
382  559
382  844
382  495
382  524
382  412
382  514
383  942
383  667
383  882
383  938
383  830
383  392
384  565
384  719
384  865
384  977
385  460
385  982
385  809
385  896
386  842
386  547
386  407
387  835
387  561
387  707
387  662
387  888
387  742
388  417
388  617
388  598
388  680
389  827
389  606
389  775
389  405
389  823
389  653
390  733
390  559
390  422
390  907
391  485
391  777
392  840
392  401
392  598
392  757
392  737
392  795
393  692
393  741
393  901
393  606
394  870
394  961
394  678
394  424
394  976
394  833
395  609
395  617
395  562
395  763
395  698
396  438
396  757
396  859
396  439
396  806
396  891
397  481
397  954
397  862
398  927
398  917
398  488
399  859
400  993
400  715
400  931
400  471
400  973
400  903
401  678
401  668
401  913
401  515
401  994
402  534
402  513
402  646
402  520
402  613
403  607
403  678
404  838
404  650
404  676
404  920
404  476
404  543
405  716
405  919
405  466
406  749
407  857
407  511
408  635
408  819
408  944
408  517
409  981
409  986
409  767
409  645
410  611
410  998
410  616
411  878
411  686
412  430
412  659
412  590
412  969
412  751
412  912
412  725
413  583
413  550
413  787
414  563
414  443
416  899
416  485
416  945
416  576
416  546
417  734
417  635
417  918
417  658
417  418
417  594
418  897
418  457
418  643
418  590
419  867
419  774
419  507
419  904
419  853
419  582
420  994
420  872
420  838
420  893
421  496
421  607
422  610
422  879
422  829
422  820
422  496
422  544
422  532
422  480
423  797
423  680
424  519
424  655
425  983
425  914
426  710
426  873
426  479
426  846
427  473
427  807
427  533
427  594
427  710
427  432
427  705
428  828
429  492
429  968
429  963
429  588
429  902
430  867
430  952
431  774
431  576
431  559
431  527
431  517
431  782
431  815
431  573
432  599
432  778
432  774
432  880
432  882
433  728
433  966
433  727
433  614
433  746
434  566
434  868
434  699
435  945
435  447
435  579
436  897
436  585
437  933
437  925
437  497
437  606
438  835
438  439
438  552
438  837
438  858
438  817
438  905
439  907
439  760
439  770
440  878
440  818
440  687
440  928
442  819
443  847
443  779
443  792
444  908
444  726
444  550
444  741
445  886
446  771
446  479
446  876
446  602
446  948
447  581
447  947
448  869
449  513
449  889
449  814
449  611
450  707
450  879
450  649
450  823
450  876
451  824
451  645
451  783
451  978
451  574
451  886
452  486
452  847
452  619
452  509
452  962
452  620
452  501
452  942
453  889
453  787
454  553
454  723
454  899
455  768
456  774
456  606
457  875
457  514
457  691
457  820
457  655
458  497
458  776
458  732
458  890
458  998
459  777
459  758
459  775
459  963
460  858
460  871
461  805
461  505
462  628
462  923
462  633
463  602
463  865
464  685
464  987
464  942
464  784
464  498
465  694
465  514
466  814
466  573
466  774
466  799
467  496
467  957
467  734
467  561
468  583
468  731
468  567
468  588
468  701
469  509
469  554
470  996
470  825
471  687
471  919
471  489
471  503
471  601
473  996
473  845
473  767
473  721
473  918
474  513
474  514
474  965
475  946
475  891
475  971
475  975
476  631
476  789
477  562
477  511
477  544
477  720
478  932
480  834
480  713
481  904
481  720
482  569
483  957
483  582
483  930
483  944
484  594
485  692
485  488
485  928
485  906
486  717
486  786
486  874
487  768
487  774
487  826
487  514
487  618
488  613
488  993
489  515
489  788
489  942
489  820
491  754
491  928
491  602
492  737
492  949
492  950
493  567
493  802
493  904
493  732
494  928
494  584
494  924
494  552
495  716
496  698
496  912
496  973
496  996
498  565
498  555
498  903
498  698
498  764
499  965
499  506
499  558
501  679
501  514
501  568
502  912
502  608
502  726
503  982
503  903
503  829
503  686
504  722
504  962
504  894
505  805
505  512
505  875
505  511
506  818
506  680
506  630
507  819
507  692
508  551
509  974
510  520
510  978
510  650
511  543
511  988
511  966
512  868
512  608
512  982
512  818
513  550
513  958
514  527
514  943
514  975
515  986
516  758
516  598
516  558
517  760
519  839
519  707
519  726
519  782
519  542
519  649
520  923
520  880
520  911
521  526
521  880
521  585
521  750
521  970
522  578
522  640
523  840
523  969
523  888
524  692
524  813
524  583
525  894
525  978
525  540
525  668
525  868
525  979
526  568
526  762
526  871
526  831
526  559
526  615
526  801
526  824
527  651
529  624
529  552
529  986
530  966
530  574
531  644
532  854
532  916
532  924
533  725
533  593
534  661
534  981
534  693
534  748
535  961
536  852
536  640
536  978
536  667
536  648
537  581
537  940
537  842
538  819
539  763
539  567
539  944
539  902
539  800
539  975
539  755
540  546
540  782
540  543
540  671
540  987
541  826
543  873
543  566
543  549
543  575
543  570
544  949
544  719
546  931
546  775
546  854
547  762
547  985
548  684
548  651
548  620
548  609
549  657
549  566
549  746
550  825
550  625
550  683
551  839
551  723
551  694
551  899
552  667
552  972
552  640
553  882
554  816
554  943
555  801
555  720
555  985
555  848
556  567
557  685
557  791
558  760
558  595
559  588
559  665
560  588
560  816
560  600
560  562
560  748
562  712
562  897
562  638
563  619
563  679
563  653
563  943
564  980
565  706
565  711
566  734
566  663
566  698
566  943
567  982
567  995
568  782
568  611
569  829
570  873
570  592
571  720
572  919
572  706
573  705
574  896
574  964
574  745
575  584
576  701
576  779
577  697
577  648
578  780
578  906
578  921
579  603
579  886
580  834
580  595
580  952
580  990
581  972
581  764
582  817
582  986
582  908
583  818
584  602
584  605
584  691
585  978
585  756
586  662
586  824
587  960
588  801
588  645
588  802
588  714
588  670
589  705
590  888
590  643
590  905
591  855
592  852
592  990
592  854
593  819
593  826
593  764
593  713
594  778
594  721
595  949
595  636
596  853
596  809
596  857
597  725
598  704
598  747
598  605
598  625
599  780
599  752
599  696
600  844
600  748
601  981
602  903
603  970
603  855
604  860
604  717
606  666
606  888
606  896
606  629
607  749
607  754
607  849
607  720
608  630
608  799
609  812
609  816
609  882
610  639
610  801
610  741
610  811
610  633
610  950
610  865
612  990
612  953
613  926
614  784
614  742
616  676
616  977
617  756
618  761
618  911
619  936
619  871
619  864
619  987
619  673
620  669
620  666
622  985
622  866
623  983
623  655
624  995
624  708
624  632
625  781
625  974
625  820
627  673
628  644
628  651
628  852
628  741
628  690
628  660
629  819
630  847
630  902
631  955
631  927
632  795
633  809
633  748
633  710
633  864
636  954
636  734
637  939
638  786
638  929
639  966
639  935
640  680
640  921
641  847
641  650
641  684
641  782
642  811
642  671
643  661
643  994
643  863
643  800
644  790
644  774
645  904
645  756
646  873
647  939
647  796
648  824
648  792
649  720
649  845
649  817
650  779
651  974
651  858
651  885
653  848
654  801
654  869
655  743
655  710
655  880
656  736
656  758
656  869
657  852
657  926
657  946
658  823
658  938
659  733
659  875
660  917
660  678
660  842
661  770
661  824
662  739
662  712
662  707
662  724
663  777
663  726
663  667
663  697
664  956
664  898
664  968
665  812
666  974
669  716
669  903
670  893
671  994
671  716
672  948
672  764
673  913
674  681
674  938
674  915
676  744
677  960
677  946
677  989
678  749
679  877
679  972
679  823
680  918
680  819
680  697
681  966
681  791
681  995
681  695
681  811
682  786
682  942
683  978
683  906
684  963
684  728
686  897
687  992
687  962
687  818
687  759
687  812
688  967
688  821
688  983
688  884
689  971
689  824
690  878
690  941
691  881
692  828
692  942
692  805
692  895
693  757
693  777
693  964
693  876
694  852
694  968
695  933
696  939
698  816
699  976
699  812
699  900
699  742
701  718
701  785
701  894
702  960
703  760
704  767
705  867
705  957
705  853
705  939
706  972
706  720
706  800
706  778
706  973
707  906
707  812
707  710
707  962
708  939
710  814
711  942
711  924
711  823
713  823
713  987
714  819
714  908
714  822
716  886
716  767
717  770
717  803
718  719
718  782
719  898
719  822
720  954
720  803
721  989
721  929
721  746
722  888
722  968
722  892
722  781
723  822
723  954
723  797
724  759
724  867
724  778
724  744
725  890
725  766
725  912
726  919
726  792
727  819
727  967
727  781
728  839
728  871
730  923
730  831
730  941
731  947
732  795
732  983
732  896
732  970
732  882
734  817
734  870
735  929
736  878
736  976
736  926
737  771
739  859
739  882
739  867
740  865
740  895
740  819
742  911
745  754
745  766
745  878
746  768
746  999
747  982
748  795
748  842
748  925
749  957
750  926
752  996
752  809
753  778
755  758
755  906
755  987
755  957
755  808
759  934
759  987
759  820
762  908
763  798
765  900
766  874
766  815
766  938
766  975
767  879
767  868
768  955
768  956
769  794
770  911
770  801
770  799
771  988
771  803
774  811
775  953
780  999
780  937
780  922
781  976
782  846
782  925
782  874
783  904
784  847
784  822
784  931
785  850
785  978
787  809
789  913
791  804
791  960
792  854
792  911
792  909
793  958
794  873
794  869
794  880
796  940
798  838
799  839
800  989
801  821
801  962
802  905
802  803
802  963
803  838
803  923
803  823
805  995
806  964
806  856
807  907
807  917
808  968
808  882
808  892
809  895
810  933
810  920
810  970
811  963
813  968
813  986
814  974
814  833
815  949
816  852
816  874
816  892
818  995
818  882
819  929
819  908
821  978
821  983
822  918
825  907
825  904
827  953
828  897
828  958
831  898
833  841
833  964
833  871
833  972
834  919
835  837
836  988
838  991
838  975
838  925
839  938
840  901
841  882
841  897
846  948
848  865
848  911
848  917
849  959
851  958
851  866
854  948
854  877
857  992
857  978
858  861
858  918
859  943
863  872
865  953
870  910
870  893
870  992
873  925
874  981
877  889
879  944
879  993
882  918
882  929
884  938
886  944
887  997
887  994
888  923
894  914
896  934
896  992
898  912
898  940
899  925
902  939
907  980
911  978
911  989
914  967
918  970
919  936
919  970
921  954
921  927
923  934
924  974
925  929
926  974
930  955
930  946
931  999
936  996
940  953
941  968
942  970
946  960
947  968
950  958
951  960
953  967
954  984
959  981
973  996
997  998
