0  69
0  572
0  957
0  665
0  489
0  332
0  810
0  497
0  901
0  586
0  480
1  189
1  565
1  430
1  215
1  447
1  417
2  220
2  251
2  630
2  842
2  852
2  395
3  492
3  797
3  160
3  604
4  89
4  478
5  962
5  837
5  829
5  362
5  233
5  915
5  790
5  101
6  530
6  187
6  673
6  467
7  86
7  92
7  795
7  30
7  885
7  408
7  309
7  281
7  129
7  619
8  388
8  567
8  721
8  846
8  825
8  477
9  894
9  230
9  317
10  95
10  874
11  698
11  804
12  49
12  474
12  631
12  729
12  908
12  623
12  668
12  88
13  298
13  725
13  950
13  600
14  993
14  374
14  533
14  893
14  278
15  379
15  363
15  322
15  795
15  179
16  761
16  238
16  481
16  792
16  59
16  554
16  452
16  625
16  877
17  258
17  326
18  812
18  833
18  461
18  753
18  253
19  400
19  399
19  98
20  427
20  512
20  114
20  200
20  591
20  491
20  290
21  788
21  136
21  22
21  409
21  259
21  768
22  85
22  378
22  683
22  983
22  82
22  45
22  492
22  554
22  717
22  274
23  979
23  173
23  166
23  183
23  490
23  647
23  66
23  791
23  330
24  930
24  445
24  652
24  317
24  230
24  556
24  382
25  421
25  631
25  443
25  54
25  825
25  602
26  702
26  37
26  711
26  812
27  598
27  657
27  928
27  445
27  599
28  373
28  482
28  579
28  455
28  132
29  702
30  831
30  229
30  196
30  89
30  860
30  247
31  629
31  790
31  518
31  47
31  875
31  785
31  193
31  135
31  374
31  109
31  512
31  213
32  729
32  681
32  425
32  866
32  518
32  198
32  313
32  436
32  506
33  198
33  57
33  440
33  456
33  272
33  213
33  468
34  245
34  492
34  361
34  477
34  45
34  706
35  210
36  136
36  633
36  939
36  972
37  889
37  688
37  644
37  290
37  846
37  350
37  935
37  74
37  957
38  628
38  750
38  681
38  840
38  772
38  991
38  886
38  379
39  808
39  301
39  67
39  823
39  972
39  980
40  360
40  703
40  259
40  239
41  985
41  431
41  235
41  730
41  308
41  207
41  336
41  797
42  631
42  701
42  470
42  871
42  862
42  173
43  103
43  996
43  780
43  803
44  565
44  267
44  861
44  710
44  455
44  741
44  132
44  986
45  699
45  813
45  664
45  64
45  545
45  977
45  225
46  504
46  269
46  247
46  304
46  761
47  973
47  987
47  159
47  582
47  596
47  964
48  509
48  769
48  499
48  295
48  647
48  191
49  944
49  801
49  940
50  152
50  504
50  125
50  908
50  245
51  699
51  826
51  299
51  516
51  372
51  780
51  511
51  829
51  158
51  105
52  134
52  483
52  293
52  324
53  498
53  671
53  474
53  461
53  664
53  674
53  673
53  909
53  676
54  590
54  699
54  163
54  204
54  757
54  141
54  138
54  991
54  989
55  314
55  690
55  385
55  529
55  260
56  122
56  555
56  703
57  779
57  469
57  63
57  665
57  521
57  610
57  441
58  842
58  479
58  143
59  882
59  659
59  317
59  142
60  772
60  317
60  267
60  396
60  889
60  338
60  485
60  996
60  758
60  755
61  620
61  590
61  651
61  759
61  949
61  912
61  749
62  631
63  496
63  245
63  325
63  940
63  96
63  64
63  139
63  275
63  669
63  241
63  381
63  879
64  478
64  886
64  610
64  394
64  585
64  806
65  960
65  504
65  495
66  404
66  779
66  669
66  944
66  226
67  338
67  713
67  995
67  734
67  666
68  934
68  358
68  441
68  458
69  590
69  685
69  944
69  153
69  460
69  211
70  957
70  840
70  395
70  157
70  773
70  767
70  760
70  219
71  660
71  336
71  933
72  768
73  440
73  794
73  325
73  808
73  269
73  223
74  685
74  335
74  625
74  707
74  420
75  126
75  224
75  197
75  271
75  826
76  902
76  285
76  200
76  594
76  276
76  861
77  230
77  789
77  955
77  461
78  578
78  554
78  725
78  510
78  985
78  631
79  173
79  877
79  913
79  622
79  540
79  140
79  745
79  193
79  84
79  238
79  816
80  359
80  749
80  664
80  147
81  567
81  486
81  367
81  112
81  501
81  729
82  717
82  258
82  435
82  604
82  963
82  745
83  392
83  891
83  120
83  250
84  582
84  744
84  990
84  598
84  341
85  306
85  654
85  135
85  857
85  563
86  836
86  493
86  512
86  593
86  775
87  123
87  519
87  617
87  399
87  679
88  165
88  155
88  920
88  349
88  755
89  326
89  307
89  625
89  264
89  388
89  241
89  691
90  779
90  646
90  324
90  492
90  347
90  488
90  150
90  650
90  154
90  720
91  304
91  257
91  711
91  125
91  816
91  522
91  401
92  695
92  295
92  297
92  125
92  842
93  964
93  300
93  348
93  518
93  410
93  747
94  107
94  334
94  358
94  546
94  636
94  558
94  470
94  863
95  206
95  510
95  168
95  607
95  482
95  697
96  586
96  973
96  271
96  349
96  120
96  821
96  931
96  202
96  672
97  768
97  619
97  575
97  713
98  585
98  621
98  351
98  699
98  683
98  888
98  112
99  813
99  345
99  905
100  407
100  306
100  754
101  790
101  357
101  460
101  270
101  842
101  242
102  748
102  361
102  853
102  795
102  979
102  546
102  896
103  617
103  925
103  809
103  226
104  371
104  959
104  848
105  154
105  803
105  687
105  137
105  469
105  863
105  707
105  930
105  917
105  221
105  273
105  853
105  595
106  133
106  485
106  415
106  397
107  323
107  784
107  351
107  235
107  831
107  821
107  702
107  445
108  684
108  350
108  586
108  497
108  490
108  369
108  449
109  385
109  180
109  176
109  311
110  231
110  306
110  152
110  875
110  944
111  823
111  535
111  738
113  855
113  885
114  557
114  760
114  708
114  541
114  472
114  631
115  997
115  365
115  442
115  736
115  214
116  710
116  727
116  681
116  780
116  971
117  749
117  525
117  601
117  135
117  797
117  184
117  899
118  443
118  463
119  903
119  506
119  297
119  464
119  932
120  829
120  449
120  952
120  591
120  322
120  975
120  971
120  633
120  983
120  847
121  881
121  743
121  502
121  761
121  888
122  663
122  858
122  655
122  229
122  534
123  776
123  978
123  689
123  955
123  347
123  149
124  270
124  920
124  518
124  793
124  527
124  350
124  371
124  281
124  626
125  475
125  849
126  558
126  907
126  734
126  988
126  963
126  603
126  222
127  426
127  154
127  574
127  764
128  750
128  955
129  363
129  346
129  580
129  844
129  766
129  668
130  453
130  325
130  244
130  950
130  339
130  513
131  708
131  782
131  288
131  764
131  255
131  887
132  455
132  655
133  614
133  244
133  595
134  952
134  429
134  955
134  919
134  175
134  279
135  688
135  302
135  324
135  249
135  916
135  246
135  437
135  955
135  454
136  489
136  857
136  144
136  180
136  938
137  671
137  234
137  246
138  304
138  186
138  698
138  831
138  369
138  331
138  590
138  682
139  268
139  849
139  225
139  443
139  227
139  645
139  762
140  168
140  568
140  454
140  554
140  849
140  816
140  443
140  228
141  481
141  658
141  195
141  478
142  310
142  847
142  369
142  858
142  833
143  762
143  446
143  562
143  185
144  222
144  703
144  854
144  445
144  243
145  476
145  865
145  448
145  531
145  584
145  906
145  696
146  189
146  569
146  511
146  324
147  279
147  961
147  983
148  261
148  182
148  858
148  660
148  510
149  880
149  295
149  381
150  983
150  327
150  184
150  567
150  869
151  871
151  163
151  441
151  560
151  761
151  782
151  870
151  652
151  748
151  484
152  228
153  361
153  306
153  664
153  274
153  575
153  391
154  160
154  576
154  974
154  914
154  849
155  750
155  597
155  944
155  345
155  340
156  868
156  182
156  477
156  284
156  442
156  989
156  479
157  996
157  761
158  193
158  997
158  368
159  584
159  368
160  238
160  450
160  344
160  410
160  510
160  356
161  528
161  933
161  666
161  447
162  834
162  749
162  267
162  681
162  460
163  391
163  331
163  396
163  522
163  228
163  497
163  892
164  257
164  614
164  741
164  764
164  789
165  714
165  199
165  691
165  875
166  379
166  805
166  960
167  548
167  777
168  984
168  404
168  411
168  795
168  252
168  434
169  603
169  946
169  680
170  258
170  746
170  597
171  559
171  820
171  430
172  609
172  460
172  541
173  460
173  634
174  648
174  346
174  859
175  707
175  863
175  336
175  772
175  248
175  890
175  488
175  638
176  814
176  324
176  273
176  270
177  766
177  214
177  717
177  530
177  964
177  604
178  861
178  888
178  772
178  864
178  542
179  701
179  194
179  634
179  667
179  685
179  883
179  325
179  231
180  603
180  219
180  234
180  353
180  950
180  755
180  688
180  637
180  710
180  838
180  369
180  564
181  851
181  223
181  953
181  983
181  510
181  803
181  917
181  483
181  593
182  312
182  819
182  991
182  626
182  944
183  367
183  754
183  977
183  286
183  339
183  572
183  666
183  197
184  772
184  757
184  879
184  416
184  314
184  792
184  393
185  235
185  856
185  497
185  862
185  484
185  582
185  969
186  327
186  321
186  566
187  849
187  870
187  760
187  934
187  675
188  403
188  299
188  384
188  836
188  735
188  338
188  474
189  667
189  646
189  263
189  648
189  502
189  678
189  414
190  812
190  310
190  970
190  950
190  836
191  685
191  681
191  620
191  785
191  641
191  775
191  304
192  836
192  370
192  212
193  532
193  612
194  940
194  233
195  680
195  379
195  656
195  848
196  603
196  366
196  216
196  847
196  947
197  976
197  408
197  415
197  361
198  265
198  468
198  335
198  619
198  255
198  882
198  989
198  996
198  848
198  829
199  355
199  784
199  276
199  518
199  658
199  996
200  201
200  401
200  297
200  990
200  218
201  675
201  215
201  604
201  743
201  536
201  252
201  459
201  574
201  760
202  860
202  757
202  919
202  455
202  423
202  240
202  834
202  969
202  617
202  813
203  926
203  695
203  403
203  804
203  280
204  298
204  447
204  493
204  333
204  622
204  908
205  603
205  989
205  555
205  220
205  901
206  310
206  869
207  253
207  225
207  585
207  931
207  536
208  915
209  398
209  455
209  547
209  323
209  334
210  296
210  463
211  538
211  462
211  223
212  753
212  286
212  880
212  382
212  490
213  805
213  251
213  327
213  692
214  556
214  423
214  614
215  678
215  838
216  931
216  284
216  218
216  673
216  554
216  536
216  262
216  741
217  588
217  661
218  503
218  264
218  613
219  867
219  674
219  351
219  885
220  793
220  769
220  962
220  540
221  630
221  662
221  774
221  899
222  700
222  542
222  688
222  839
222  636
223  537
223  723
223  883
223  437
223  399
223  625
224  420
224  751
224  361
224  393
224  288
224  655
224  806
225  880
225  651
225  759
226  696
226  445
226  846
226  962
226  866
226  875
226  582
226  451
227  862
227  547
227  296
227  477
227  543
227  374
228  944
228  850
228  498
228  467
228  553
228  547
229  390
229  649
229  892
229  872
229  617
229  574
230  847
230  702
230  862
230  889
231  782
231  288
232  899
232  628
232  894
233  296
233  258
233  570
233  673
234  504
234  282
234  273
234  248
234  541
235  674
236  807
236  879
236  340
236  776
237  806
237  848
238  805
238  498
238  993
239  553
239  829
239  637
239  799
239  318
239  931
240  297
240  500
240  914
240  469
241  420
241  573
241  304
241  321
242  437
242  363
242  607
242  366
243  312
243  690
243  502
243  530
243  765
243  372
244  502
245  535
246  784
246  752
246  899
246  871
247  469
247  691
247  349
247  611
247  641
247  303
247  535
247  568
248  587
248  811
249  253
249  750
249  730
249  893
249  499
249  497
250  966
250  738
250  577
250  270
250  786
251  434
251  444
251  982
251  866
251  292
252  859
252  787
252  550
252  415
252  274
252  655
253  711
253  759
253  876
253  578
253  355
254  517
254  385
254  508
254  703
254  865
254  319
255  818
255  276
255  455
255  484
255  373
255  863
255  674
255  579
256  529
256  536
256  272
256  444
256  308
257  911
257  924
257  547
257  904
257  555
257  475
258  882
258  852
258  397
258  802
258  599
259  414
259  604
259  953
260  529
260  842
260  857
261  623
261  367
261  303
262  717
262  932
262  341
262  693
263  795
263  682
263  275
263  854
263  444
263  390
263  583
264  343
264  914
264  711
264  958
265  378
265  727
265  716
265  812
265  285
266  901
266  324
266  882
266  395
266  559
266  740
266  927
266  831
267  983
267  620
268  839
268  551
268  490
268  702
269  386
269  579
269  998
269  714
269  626
269  831
269  382
270  687
270  596
270  897
270  280
270  811
271  828
271  897
271  564
271  311
271  724
271  755
271  633
272  309
272  892
272  441
272  518
272  880
273  369
273  734
273  901
273  951
273  488
273  564
273  866
273  435
273  553
274  341
274  491
274  907
274  942
274  682
275  298
275  536
275  946
275  613
275  730
275  436
275  873
276  617
276  705
276  551
277  811
277  756
277  474
277  933
277  593
277  885
278  688
278  387
278  441
278  543
279  770
279  437
279  576
280  863
280  624
281  709
281  508
281  880
281  989
282  752
282  344
282  555
282  541
283  934
283  659
283  342
284  736
284  842
284  601
284  725
284  771
284  455
285  829
286  668
286  692
286  375
286  357
286  338
286  301
286  768
286  958
287  915
287  879
287  678
287  778
287  375
287  611
288  903
288  688
288  714
288  908
288  792
288  750
289  702
289  805
289  833
290  435
290  936
290  590
290  511
290  884
290  500
290  436
291  773
291  895
291  310
291  819
292  923
292  302
292  770
292  321
293  741
293  998
293  591
294  467
294  748
294  340
294  590
295  648
295  825
295  744
295  472
295  684
295  642
296  770
296  743
297  706
297  572
297  859
298  696
298  738
298  928
298  529
298  927
298  681
299  874
299  501
300  744
300  596
300  783
300  522
300  837
301  318
301  311
302  654
302  701
302  872
303  466
303  366
303  980
305  971
305  595
306  873
306  701
306  675
307  737
307  664
307  990
307  982
307  835
307  845
307  923
307  426
307  634
308  916
308  964
308  910
308  608
308  914
309  933
309  476
309  820
309  726
309  373
309  334
310  908
310  843
311  397
312  487
312  681
312  839
313  878
313  943
313  595
313  456
313  488
313  586
313  860
314  368
314  599
314  332
314  500
314  528
315  489
315  442
315  982
316  317
316  549
316  602
316  643
317  540
317  510
317  623
317  639
317  456
317  432
318  603
318  459
318  399
318  887
318  870
318  416
319  689
319  580
319  748
319  568
319  322
319  504
319  729
320  504
320  875
321  860
321  989
321  528
321  413
322  953
323  461
323  934
323  495
323  344
323  497
323  356
323  591
324  448
324  807
324  505
324  600
325  499
325  802
325  931
325  524
326  769
326  516
326  600
326  697
326  601
327  728
327  806
328  771
328  545
328  815
328  882
328  550
328  863
329  403
329  740
331  858
331  855
331  919
331  717
331  714
331  871
331  738
332  555
332  484
332  501
332  643
332  414
332  436
333  353
334  593
334  494
334  484
334  992
334  971
334  881
335  531
335  570
336  400
336  983
336  368
336  423
336  849
336  585
337  386
337  703
337  764
338  556
338  622
338  777
338  705
339  577
340  577
340  764
340  497
340  502
340  936
341  466
341  981
341  359
341  507
341  996
341  559
342  663
342  730
342  947
342  936
342  990
342  899
342  735
342  379
342  400
343  756
343  915
343  657
343  988
343  716
344  572
344  728
345  932
346  828
346  780
346  902
346  476
347  373
347  624
347  960
348  489
348  995
349  397
349  792
349  907
349  661
350  682
350  605
350  702
350  614
350  534
351  851
351  513
351  938
351  555
351  668
351  355
352  624
352  884
352  699
353  490
353  488
354  453
354  805
354  684
354  677
354  411
354  665
354  612
354  415
355  908
355  368
356  844
356  614
356  707
356  619
356  892
357  619
357  423
357  421
357  764
358  637
359  595
359  607
360  666
360  425
361  475
361  476
361  636
361  430
362  710
362  636
362  649
362  560
362  482
362  827
362  563
362  575
363  579
363  992
363  421
363  602
363  517
364  447
364  948
364  611
364  845
365  431
365  594
365  921
366  749
366  517
366  755
367  417
367  522
367  979
368  991
368  720
368  727
369  387
369  769
369  594
369  737
369  955
370  538
370  758
370  821
370  612
370  943
371  699
371  554
372  913
373  768
373  838
374  667
374  780
374  853
374  398
375  663
375  992
375  707
376  648
376  508
376  620
376  540
377  657
377  687
377  686
377  386
378  683
378  743
378  656
378  994
379  934
379  788
380  482
380  425
380  717
380  426
381  816
381  619
381  493
382  702
383  634
383  655
383  388
383  686
384  883
384  990
385  657
385  782
386  797
386  868
387  485
387  446
388  435
388  840
388  705
388  792
389  762
390  501
390  460
390  961
390  625
391  476
391  720
391  876
392  615
393  668
393  746
393  531
393  667
394  569
394  963
394  610
395  720
395  613
395  822
395  689
397  988
397  886
397  732
398  694
398  933
398  867
398  596
399  815
399  693
399  403
399  913
399  478
399  789
400  570
400  795
400  957
401  937
401  731
401  805
402  844
402  617
402  842
402  643
403  659
403  779
404  478
404  477
404  778
404  771
405  793
405  972
406  859
406  936
406  599
406  737
406  561
406  523
406  930
406  693
406  611
406  948
407  637
407  541
408  577
408  618
408  484
408  750
409  772
409  855
409  486
409  641
410  712
410  647
410  771
410  753
410  411
411  541
411  892
412  753
412  420
413  955
413  797
413  585
413  523
413  667
413  605
413  560
414  551
414  576
414  586
414  943
415  828
415  858
415  912
415  653
415  985
415  634
415  636
416  476
416  586
416  446
416  507
417  556
418  728
418  621
418  634
418  689
418  833
419  621
419  989
419  561
419  987
419  977
420  787
420  745
421  666
421  657
421  607
421  695
421  548
421  645
422  902
423  921
423  435
423  862
424  789
424  521
424  848
424  932
424  585
425  859
425  984
425  568
425  565
425  509
425  753
426  490
426  454
428  781
428  780
428  898
429  430
429  958
429  919
429  944
430  603
430  787
430  516
430  996
431  814
432  728
432  529
433  461
433  450
434  714
434  850
434  521
434  790
435  496
435  596
436  473
436  988
436  971
436  441
436  739
436  549
437  804
437  874
437  470
439  671
439  612
439  742
440  607
440  661
440  844
440  645
441  778
441  560
441  847
441  896
441  711
442  543
442  906
442  653
442  948
442  480
443  658
443  623
444  639
444  770
445  891
445  906
445  843
446  585
446  750
447  578
447  708
447  929
447  523
448  718
448  866
448  887
449  550
449  737
449  947
450  873
450  951
451  796
451  625
453  900
453  879
453  472
453  982
453  465
453  644
454  687
454  964
455  458
455  929
455  952
455  862
456  865
456  874
456  662
457  797
458  663
458  487
460  578
460  778
461  814
462  571
462  828
462  695
462  598
462  595
463  672
463  649
463  610
463  932
463  695
463  674
464  588
464  667
464  965
464  911
465  804
465  965
465  717
465  577
465  952
465  628
466  865
466  756
467  497
468  701
468  600
469  599
469  774
469  653
469  939
470  909
470  767
470  552
470  674
471  739
471  651
472  588
472  767
472  568
472  631
472  599
472  700
473  668
473  984
473  537
474  523
474  702
475  742
476  534
476  753
476  601
477  563
477  828
477  761
478  532
478  568
478  863
478  500
478  631
479  859
479  765
479  789
479  608
479  665
479  600
479  740
480  908
480  517
480  696
481  584
481  809
481  523
482  814
482  783
482  931
482  882
482  716
483  580
483  895
484  621
484  812
485  517
485  522
486  606
486  784
486  951
486  927
487  642
487  734
488  906
488  625
488  993
490  696
490  633
490  686
490  854
490  591
491  834
491  608
492  537
493  930
493  532
494  921
494  908
494  926
495  774
495  848
495  940
496  730
496  683
497  684
497  782
497  544
497  776
497  534
497  832
497  883
497  615
497  880
497  900
498  518
499  571
499  524
499  882
499  786
499  687
500  765
500  566
500  513
501  526
501  739
501  934
501  958
502  527
502  835
503  890
503  516
503  716
503  608
505  967
505  746
506  846
506  656
506  900
506  632
506  950
507  807
507  627
507  775
508  862
508  766
508  709
509  942
509  799
509  524
509  756
509  849
509  941
510  945
510  892
511  625
511  815
511  777
513  520
513  861
514  830
514  593
515  599
515  586
515  614
515  683
515  700
515  744
516  588
516  731
516  544
516  728
516  675
517  630
517  811
518  691
518  914
518  645
519  901
520  787
520  611
520  889
520  550
521  891
522  737
522  701
522  833
522  530
522  644
523  737
523  824
524  994
524  816
524  596
524  780
524  611
525  560
525  633
526  583
526  575
527  564
527  902
527  934
527  935
527  949
528  913
528  710
529  694
529  922
529  734
529  555
529  607
530  677
530  839
532  916
532  891
532  745
533  786
533  767
533  875
534  855
534  946
534  839
534  988
535  658
535  588
536  546
536  620
536  734
537  600
537  769
539  830
539  766
539  616
539  661
539  763
540  723
540  914
540  880
540  684
541  958
541  568
541  908
541  671
541  890
541  771
542  844
542  628
543  658
543  717
544  907
544  809
544  717
544  741
544  726
545  878
546  900
546  591
546  682
546  577
546  663
547  641
547  855
547  845
547  669
547  566
548  635
548  772
548  907
548  551
548  604
549  819
550  979
551  582
552  914
552  611
552  645
553  586
553  640
553  974
554  784
555  833
556  582
556  670
556  767
556  877
557  909
557  956
557  689
557  731
558  978
559  865
559  736
560  832
560  637
560  872
560  743
561  588
561  996
562  975
562  743
563  688
563  634
563  939
563  914
564  585
564  666
565  612
565  948
566  892
567  768
567  689
568  588
569  975
569  590
570  728
570  681
570  832
571  581
571  701
571  736
572  794
572  712
572  992
572  744
573  734
573  803
574  624
574  836
574  904
574  725
574  880
574  645
575  775
576  889
576  620
578  618
578  981
578  587
579  613
580  935
580  859
580  727
581  621
581  729
581  998
582  724
583  919
584  898
584  972
585  749
586  907
586  872
586  675
587  735
588  684
588  915
588  643
588  855
589  965
591  974
591  676
591  874
592  998
592  932
592  849
592  749
592  959
593  627
594  700
594  830
595  610
595  646
595  936
595  913
595  860
595  851
596  603
596  845
596  960
596  746
597  857
598  758
598  737
599  668
600  858
600  826
601  695
601  709
601  953
602  991
602  787
602  619
602  833
603  922
603  965
603  678
604  700
606  735
606  951
607  849
608  978
608  636
609  677
610  919
610  888
611  766
613  614
613  970
614  622
614  843
615  991
615  825
615  909
615  622
616  835
617  819
618  859
618  809
619  626
620  899
620  787
620  859
621  875
621  672
623  920
623  923
625  851
625  965
625  997
625  752
625  896
626  978
626  902
626  694
626  824
626  856
627  968
628  751
628  908
629  797
629  860
629  972
629  943
629  954
630  676
630  751
630  642
630  889
630  718
631  827
632  832
632  713
632  635
633  776
633  947
633  739
633  803
633  810
633  671
634  663
634  876
635  794
635  888
635  937
635  776
635  710
636  728
636  984
636  870
636  880
637  730
638  900
638  934
638  649
638  842
638  650
639  722
640  763
640  777
640  774
640  671
640  754
641  855
641  739
642  768
642  762
642  775
643  730
643  892
643  761
645  774
645  840
645  804
645  693
646  768
646  757
647  976
647  823
647  792
647  746
648  829
648  959
649  775
649  812
650  792
651  747
651  934
651  672
651  854
651  834
651  970
651  704
652  901
653  874
653  981
653  911
653  997
655  674
655  904
655  915
656  749
657  793
657  801
657  933
658  868
658  809
658  804
659  723
659  695
659  711
659  987
660  954
661  774
663  698
664  682
664  889
665  946
665  996
665  916
666  935
666  669
667  824
667  703
667  978
669  670
669  712
669  865
670  814
670  682
671  914
671  818
672  893
672  742
672  946
673  813
673  930
673  838
673  784
674  786
674  783
674  785
675  978
675  812
675  786
676  692
677  936
677  915
678  916
678  830
679  873
680  742
681  692
681  698
681  694
681  791
681  955
682  812
683  783
684  725
685  726
685  718
685  835
686  898
688  949
688  842
689  839
690  968
691  970
692  932
692  771
693  724
694  849
694  997
695  763
696  711
698  893
699  950
699  909
700  880
701  978
703  992
703  922
704  859
704  936
705  848
706  757
707  988
707  870
707  947
707  899
707  997
708  735
708  726
708  950
708  880
708  792
709  727
709  794
711  739
712  926
712  995
713  825
713  914
713  830
713  744
714  820
714  905
714  978
715  768
715  841
716  843
717  723
717  960
718  960
719  865
719  871
720  897
721  969
721  876
722  981
723  926
723  972
724  930
726  940
726  909
726  934
727  974
727  980
728  949
728  764
729  753
730  890
732  952
733  884
734  931
734  996
734  742
734  868
735  845
735  826
735  994
735  970
737  862
737  756
737  811
738  941
740  806
741  938
742  959
742  799
742  784
743  918
744  845
745  860
745  944
746  882
747  877
747  846
748  782
748  946
749  842
750  892
750  807
750  979
750  826
751  996
751  909
752  814
753  793
754  894
754  891
755  829
755  857
755  889
756  806
756  996
759  844
759  888
760  796
760  847
760  785
760  862
761  777
761  900
762  861
762  843
762  944
762  803
763  774
763  935
764  798
764  934
764  935
765  793
766  804
766  958
767  944
768  973
770  776
771  965
771  865
771  773
772  958
772  924
772  785
772  915
775  835
776  854
777  950
778  900
778  951
782  874
782  970
783  949
783  867
784  785
785  909
786  955
786  929
786  918
786  949
786  836
787  976
787  957
788  931
789  849
789  850
791  951
793  843
794  923
795  987
795  934
796  908
797  814
797  850
798  886
798  860
798  815
798  923
799  933
799  841
799  805
800  820
800  926
801  834
801  995
801  882
803  848
805  956
805  871
805  885
807  929
807  874
811  812
813  975
818  922
819  941
821  943
822  850
822  876
823  920
824  886
826  860
828  936
828  920
829  929
830  890
831  903
831  962
831  888
833  912
834  914
836  867
836  972
838  927
839  891
840  904
840  867
840  888
841  951
843  900
843  856
844  859
845  871
847  981
848  993
849  891
850  964
852  912
852  929
852  886
853  950
853  998
854  932
855  891
855  930
856  863
857  901
860  895
861  946
861  917
863  908
863  915
863  931
864  889
865  974
865  891
867  882
867  872
868  936
868  893
870  889
871  935
871  978
872  890
873  978
874  931
876  936
877  991
879  928
881  932
882  903
883  901
883  948
884  936
884  956
884  929
886  921
890  898
892  974
894  939
894  904
896  962
897  950
898  906
899  987
900  958
900  956
900  911
901  970
909  968
912  946
912  931
913  995
913  965
916  921
919  921
919  954
920  975
926  930
926  950
927  944
931  953
936  940
939  973
951  966
952  983
957  998
958  986
960  998
966  996
970  988
981  996
984  992
989  991
995  998
