2 163
2 381
2 382
2 397
2 498
2 575
2 585
2 659
2 849
2 3146
3 3
3 4
3 5
3 6
3 178
3 291
4 3
4 57
5 3
5 19
5 46
5 147
5 193
5 281
5 291
5 1018
5 1201
6 3
6 8
6 24
6 45
6 195
6 679
6 994
7 427
7 470
8 6
8 26
9 10
9 154
10 9
11 12
11 469
12 12
12 390
12 822
12 1414
12 1415
12 2311
12 3722
12 3723
12 3724
12 3725
12 3726
12 3727
12 3728
12 3729
12 3730
13 11
13 12
14 14
14 15
14 34
14 70
14 84
14 179
14 215
14 439
14 581
14 696
14 953
14 1665
15 11
15 14
15 15
15 46
15 53
15 61
15 67
15 80
15 85
15 112
15 146
15 158
15 163
15 174
15 183
15 189
15 201
15 211
15 216
15 220
15 222
15 223
15 231
15 239
15 251
15 253
15 255
15 256
15 261
15 266
15 267
15 281
15 304
15 311
15 326
15 328
15 330
15 337
15 343
15 344
15 347
15 362
15 375
15 389
15 390
15 391
15 410
15 412
15 413
15 418
15 420
15 422
15 433
15 439
15 446
15 452
15 455
15 473
15 474
15 486
15 487
15 489
15 502
15 508
15 512
15 513
15 517
15 519
15 525
15 535
15 536
15 539
15 545
15 548
15 551
15 562
15 578
15 580
15 582
15 594
15 598
15 604
15 605
15 613
15 618
15 619
15 650
15 652
15 653
15 674
15 680
15 682
15 683
15 691
15 693
15 703
15 705
15 709
15 746
15 748
15 755
15 756
15 777
15 784
15 787
15 789
15 790
15 791
15 805
15 807
15 817
15 821
15 824
15 826
15 830
15 850
15 851
15 854
15 857
15 858
15 863
15 864
15 880
15 881
15 882
15 889
15 890
15 896
15 899
15 924
15 926
15 927
15 950
15 951
15 957
15 958
15 959
15 961
15 962
15 963
15 964
15 967
15 968
15 969
15 983
15 985
15 986
15 987
15 990
15 997
15 1001
15 1003
15 1016
15 1042
15 1046
15 1047
15 1060
15 1062
15 1065
15 1068
15 1070
15 1080
15 1087
15 1104
15 1106
15 1111
15 1117
15 1127
15 1137
15 1155
15 1178
15 1207
15 1209
15 1224
15 1225
15 1228
15 1233
15 1234
15 1235
15 1254
15 1266
15 1281
15 1285
15 1296
15 1304
15 1325
15 1326
15 1331
15 1337
15 1341
15 1342
15 1345
15 1346
15 1347
15 1348
15 1350
15 1351
15 1352
15 1354
15 1357
15 1358
15 1359
15 1360
15 1362
15 1373
15 1376
15 1378
15 1414
15 1415
15 1422
15 1423
15 1424
15 1439
15 1443
15 1445
15 1446
15 1447
15 1448
15 1449
15 1450
15 1451
15 1452
15 1453
15 1456
15 1457
15 1458
15 1459
15 1461
15 1462
15 1463
15 1464
15 1465
15 1466
15 1467
15 1468
15 1469
15 1470
15 1471
15 1475
15 1476
15 1477
15 1478
15 1479
15 1480
15 1481
15 1482
15 1483
15 1484
15 1485
15 1487
15 1488
15 1489
15 1490
15 1492
15 1494
15 1495
15 1496
15 1497
15 1498
15 1499
15 1500
15 1501
15 1502
15 1503
15 1504
15 1505
15 1506
15 1507
15 1509
15 1511
15 1512
15 1513
15 1514
15 1515
15 1516
15 1531
15 1536
15 1548
15 1561
15 1562
15 1566
15 1567
15 1568
15 1570
15 1571
15 1573
15 1574
15 1576
15 1600
15 1601
15 1603
15 1604
15 1605
15 1606
15 1607
15 1609
15 1610
15 1653
15 1656
15 1674
15 1679
15 1682
15 1684
15 1685
15 1686
15 1688
15 1689
15 1690
15 1695
15 1696
15 1697
15 1699
15 1702
15 1704
15 1710
15 1730
15 1732
15 1737
15 1743
15 1760
15 1805
15 1816
15 1836
15 1839
15 1844
15 1846
15 1857
15 1868
15 1911
15 1943
15 1954
15 1956
15 1964
15 1966
15 1968
15 1970
15 1974
15 1975
15 1977
15 1978
15 1980
15 1984
15 1987
15 1988
15 1989
15 1995
15 1997
15 1998
15 1999
15 2001
15 2002
15 2011
15 2017
15 2026
15 2045
15 2055
15 2063
15 2098
15 2100
15 2103
15 2113
15 2120
15 2135
15 2142
15 2153
15 2180
15 2188
15 2198
15 2215
15 2224
15 2230
15 2245
15 2271
15 2290
15 2312
15 2320
15 2322
15 2329
15 2348
15 2364
15 2388
15 2396
15 2448
15 2449
15 2450
15 2451
15 2452
15 2494
15 2495
15 2512
15 2521
15 2525
15 2531
15 2532
15 2538
15 2539
15 2548
15 2550
15 2552
15 2554
15 2557
15 2559
15 2562
15 2566
15 2574
15 2580
15 2586
15 2589
15 2593
15 2599
15 2604
15 2617
15 2626
15 2627
15 2628
15 2631
15 2637
15 2638
15 2643
15 2648
15 2649
15 2651
15 2653
15 2656
15 2657
15 2662
15 2673
15 2685
15 2693
15 2696
15 2698
15 2702
15 2703
15 2704
15 2705
15 2706
15 2711
15 2713
15 2716
15 2719
15 2720
15 2724
15 2725
15 2727
15 2729
15 2730
15 2732
15 2764
15 2773
15 2786
15 2838
15 2840
15 2861
15 2864
15 2893
15 2894
15 2900
15 2907
15 2946
15 2953
15 2956
15 3018
15 3036
15 3044
15 3072
15 3080
15 3083
15 3096
15 3108
15 3113
15 3125
15 3127
15 3137
15 3181
15 3203
15 3237
15 3281
15 3322
15 3365
15 3369
15 3385
15 3579
15 3589
15 3616
15 3679
15 3688
15 3690
15 3693
15 3697
15 3699
15 3701
15 3703
15 3705
15 3708
15 3713
15 3714
15 3715
15 3716
15 3718
15 3719
15 3720
15 3725
15 3757
15 3768
15 3771
15 3781
15 3795
15 3808
15 3809
15 3810
15 3815
15 3816
15 3817
15 3818
15 3819
15 3822
15 3826
15 3831
15 3835
15 3840
15 3842
15 3843
15 3847
15 3848
15 3855
15 3856
15 3857
15 3863
15 3864
15 3872
15 3873
15 3874
15 3875
15 3876
15 3877
15 3878
15 3879
15 3880
15 3881
15 3882
15 3883
15 3884
15 3885
15 3886
15 3887
15 3888
15 3889
15 3890
15 3891
15 3892
15 3893
15 3894
15 3895
15 3896
15 3897
15 3898
15 3899
15 3900
15 3901
15 3902
15 3903
15 3904
15 3905
15 3906
15 3907
15 3908
15 3909
15 3910
15 3911
15 3912
15 3913
15 3914
15 3915
15 3916
15 3917
15 3918
15 3919
15 3920
15 3921
15 3922
15 3923
15 3924
15 3925
15 3926
15 3927
15 3928
16 11
16 17
16 18
18 46
18 193
18 216
18 337
18 740
19 20
19 231
19 259
19 394
19 1599
21 22
22 21
22 23
22 38
22 39
22 41
22 556
22 558
22 565
22 602
22 669
22 827
22 909
22 910
22 911
22 975
22 979
22 980
22 1569
23 21
23 22
23 222
23 276
23 556
23 558
23 827
23 909
23 910
23 911
23 2675
24 24
24 654
25 112
25 204
25 443
27 91
31 90
31 234
31 1523
32 31
32 46
32 52
32 90
32 183
32 362
32 515
32 761
32 783
32 985
32 1315
32 1483
32 1513
32 1517
32 1523
32 1563
32 1564
32 1565
32 1566
32 1567
32 1568
32 1569
32 1570
32 1571
32 1572
32 1573
32 1574
33 127
34 2
34 67
34 215
34 439
37 38
37 39
37 40
37 565
37 602
37 975
37 976
37 977
37 978
39 22
39 37
39 38
39 40
39 41
39 565
39 602
39 669
39 827
39 910
39 975
39 977
39 978
39 979
39 980
39 1569
39 1951
39 1952
40 37
40 38
40 39
40 41
40 565
40 602
40 975
40 976
40 977
40 978
40 979
40 980
41 39
45 6
45 216
45 503
46 5
46 46
46 48
46 52
46 81
46 109
46 136
46 147
46 154
46 183
46 193
46 201
46 228
46 253
46 336
46 394
46 475
46 512
46 513
46 570
46 590
46 821
46 864
46 957
46 959
46 1019
46 1147
46 1196
46 1422
46 1423
46 1424
46 2131
46 2642
46 2874
46 3470
46 3711
46 3712
48 104
48 129
48 178
48 243
48 394
48 634
49 69
49 92
49 104
50 242
51 234
52 32
52 46
52 159
52 984
52 1025
52 1190
52 1523
52 2217
52 2447
52 2877
53 2447
54 477
54 952
55 586
57 3
57 175
57 178
57 290
57 316
57 360
57 636
57 1018
58 59
59 58
60 61
61 60
61 316
61 1018
63 1252
64 1409
66 173
66 245
67 722
67 723
67 724
67 817
68 34
68 163
68 164
70 1018
72 74
73 73
73 94
73 106
73 176
73 395
73 396
73 465
73 842
74 72
74 139
75 497
79 666
79 1169
79 2506
79 2867
79 2868
79 2869
79 2870
81 46
81 717
81 814
82 273
82 298
82 590
83 298
83 590
84 14
84 115
84 287
84 475
84 700
85 327
85 1114
85 1230
85 1409
86 87
87 86
89 250
89 549
89 550
89 849
90 31
90 32
90 90
90 101
90 234
90 467
90 635
90 912
90 1523
92 49
92 92
94 39
94 106
94 587
95 109
95 768
95 769
96 365
97 257
97 635
97 2679
98 298
99 539
100 34
100 73
100 137
100 138
100 201
100 512
100 532
100 533
100 969
100 1424
100 2676
101 32
101 90
101 101
101 153
101 211
101 234
101 462
101 478
101 590
101 635
101 761
101 912
101 1017
101 1391
101 1392
104 48
104 294
105 106
106 73
106 94
107 107
107 239
107 281
107 418
107 420
107 422
107 613
107 653
107 670
107 767
107 776
107 782
107 783
107 784
107 832
107 864
107 880
107 882
107 920
107 947
107 958
107 988
107 990
107 1325
107 1337
107 1345
107 1346
107 1347
107 1348
107 1394
107 1422
107 1436
107 1443
107 1444
107 1445
107 1446
107 1447
107 1448
107 1449
107 1450
107 1451
107 1452
107 1453
107 1454
107 1455
107 1456
107 1457
107 1458
107 1459
107 1460
107 1461
107 1462
107 1463
107 1464
107 1465
107 1466
107 1467
107 1468
107 1469
107 1470
107 1471
107 1472
107 1473
107 1474
107 1475
107 1476
107 1477
107 1478
107 1479
107 1480
107 1481
107 1482
107 1483
107 1484
107 1485
107 1486
107 1487
107 1488
107 1489
107 1490
107 1491
107 1492
107 1493
107 1494
107 1495
107 1496
107 1497
107 1498
107 1499
107 1500
107 1501
107 1502
107 1503
107 1504
107 1505
107 1506
107 1507
107 1508
107 1509
107 1510
107 1513
107 1514
107 1515
107 1516
107 1517
107 1546
107 1568
107 1680
107 1776
107 1953
107 1964
107 1965
107 1972
107 1974
107 1977
107 1978
107 1980
107 1981
107 1982
107 1986
107 1987
107 1988
107 1989
107 1990
107 1991
107 1992
107 1993
107 1994
107 1995
107 1996
107 1997
107 1998
107 1999
107 2000
107 2001
107 2002
107 2003
107 2004
109 197
109 768
109 769
114 108
116 375
124 108
124 114
124 142
124 309
124 654
124 655
124 656
126 137
126 138
126 201
127 33
128 129
128 141
129 116
129 141
129 178
129 179
129 503
132 133
132 490
132 734
133 132
136 100
136 138
136 176
136 201
136 336
136 512
136 513
136 532
136 703
136 966
136 967
136 968
136 969
136 970
136 971
136 983
136 1891
137 100
137 138
137 201
137 413
137 512
137 513
137 532
137 703
137 821
137 966
137 967
137 968
137 969
137 970
137 1353
137 1572
137 1613
137 1621
137 1622
137 1623
137 1630
137 1631
137 1632
137 1633
137 1634
137 1635
137 1636
137 1637
137 1638
137 1639
137 1640
137 1641
137 1642
137 1644
138 1630
138 1634
138 1644
139 71
139 665
140 128
140 140
140 179
140 241
140 490
140 734
140 870
141 128
141 178
141 1064
142 108
142 309
143 165
143 1344
144 244
146 394
146 694
147 5
147 46
147 394
147 575
149 475
151 2
152 446
152 489
153 101
153 153
153 154
153 510
153 1394
154 46
154 154
154 281
154 364
154 390
154 402
154 418
154 420
154 421
154 605
154 674
154 695
154 761
154 880
154 881
154 882
154 950
154 957
154 959
154 963
154 964
154 1086
154 1224
154 1234
154 1235
154 1287
154 1296
154 1326
154 1345
154 1346
154 1347
154 1348
154 1351
154 1352
154 1354
154 1357
154 1358
154 1362
154 1373
154 1416
154 1422
154 1445
154 1446
154 1449
154 1450
154 1451
154 1452
154 1453
154 1455
154 1457
154 1458
154 1460
154 1462
154 1464
154 1465
154 1467
154 1469
154 1470
154 1474
154 1476
154 1478
154 1479
154 1480
154 1481
154 1482
154 1483
154 1484
154 1485
154 1486
154 1487
154 1488
154 1490
154 1492
154 1493
154 1494
154 1496
154 1498
154 1499
154 1500
154 1501
154 1502
154 1503
154 1505
154 1506
154 1507
154 1510
154 1511
154 1512
154 1513
154 1515
154 1516
154 1536
154 1542
154 1603
154 1656
154 1954
154 1956
154 1978
154 2001
154 2103
154 2184
154 2215
154 2348
154 2495
154 2581
154 2626
154 2628
154 2632
154 2636
154 2697
154 2705
154 2786
154 2875
154 2907
154 3072
154 3080
154 3089
154 3616
154 3690
154 3711
154 3713
154 3714
154 3715
154 3716
154 3717
154 3718
154 3719
158 163
158 254
158 592
158 1157
158 1171
158 1277
158 1822
158 1887
158 1927
158 3774
159 52
161 462
162 162
162 281
162 283
162 330
162 410
162 493
162 605
162 669
162 670
162 1683
162 2525
163 157
163 158
163 254
163 283
163 302
163 635
163 650
163 651
163 1044
163 1574
163 1974
163 3772
163 3773
164 68
165 143
165 165
166 71
166 190
166 665
166 950
166 959
166 1364
166 1365
166 1366
166 1367
166 1368
166 1369
167 1282
170 47
173 97
173 257
173 536
174 48
174 174
174 235
174 243
175 57
175 289
175 290
175 344
175 997
175 1040
176 73
176 94
176 106
176 176
176 177
176 190
176 191
176 192
176 308
176 395
176 396
176 596
176 839
176 840
176 841
176 842
176 843
177 176
177 177
177 232
178 129
178 141
178 503
179 128
179 129
179 178
179 241
179 407
179 1064
180 179
181 7
181 182
181 184
181 423
181 434
181 435
181 482
181 502
182 61
182 184
182 434
182 435
182 482
182 502
184 181
184 182
184 434
184 435
184 482
184 502
184 2455
185 302
185 649
185 650
185 651
187 216
187 503
188 298
190 73
190 177
191 94
191 106
191 191
191 226
192 177
193 5
193 46
193 147
193 475
193 1019
193 2131
194 9
194 44
194 45
194 129
196 323
196 402
197 3
197 109
197 144
197 198
197 442
197 443
197 500
197 501
197 626
197 699
197 959
197 1120
197 1341
197 1342
197 1423
197 1816
197 2546
197 3768
198 197
201 137
202 34
202 73
202 201
204 25
207 208
207 900
208 207
209 128
209 129
209 178
209 1206
216 90
216 129
216 226
220 129
220 256
220 320
220 373
220 394
220 451
222 23
223 47
223 275
223 487
225 369
226 243
226 245
226 534
227 173
231 19
231 994
231 1599
232 658
232 1725
233 56
233 1064
234 31
234 32
234 51
234 90
234 101
234 234
234 467
234 478
234 635
235 174
236 778
236 1523
238 446
241 140
241 179
241 241
241 490
241 734
241 870
242 50
243 48
243 243
243 258
243 1064
244 233
244 452
245 66
245 226
250 408
250 549
250 550
250 605
250 849
250 1048
250 1049
250 1050
251 725
251 832
251 833
251 849
251 951
251 1511
251 2701
251 2874
251 2875
254 158
257 2
257 31
257 46
257 97
257 173
257 183
257 193
257 209
257 211
257 216
257 223
257 234
257 257
257 276
257 281
257 318
257 323
257 337
257 357
257 359
257 362
257 364
257 390
257 413
257 420
257 421
257 422
257 456
257 498
257 512
257 513
257 515
257 519
257 536
257 539
257 549
257 562
257 578
257 580
257 605
257 617
257 627
257 632
257 633
257 644
257 653
257 670
257 673
257 674
257 679
257 692
257 740
257 772
257 787
257 832
257 863
257 880
257 881
257 890
257 950
257 951
257 957
257 959
257 964
257 965
257 968
257 999
257 1003
257 1047
257 1086
257 1087
257 1091
257 1127
257 1209
257 1224
257 1228
257 1232
257 1234
257 1235
257 1286
257 1287
257 1315
257 1337
257 1342
257 1345
257 1346
257 1347
257 1351
257 1352
257 1360
257 1373
257 1416
257 1419
257 1422
257 1423
257 1424
257 1445
257 1446
257 1447
257 1449
257 1451
257 1452
257 1456
257 1459
257 1463
257 1464
257 1465
257 1466
257 1467
257 1468
257 1469
257 1470
257 1472
257 1473
257 1474
257 1475
257 1476
257 1480
257 1481
257 1482
257 1484
257 1485
257 1492
257 1499
257 1500
257 1501
257 1507
257 1513
257 1516
257 1543
257 1557
257 1566
257 1571
257 1601
257 1603
257 1605
257 1607
257 1608
257 1611
257 1627
257 1686
257 1688
257 1689
257 1690
257 1702
257 1737
257 1748
257 1808
257 1868
257 1954
257 1956
257 1984
257 1993
257 2007
257 2011
257 2060
257 2085
257 2088
257 2146
257 2152
257 2160
257 2184
257 2215
257 2290
257 2342
257 2346
257 2364
257 2367
257 2478
257 2495
257 2512
257 2539
257 2557
257 2566
257 2573
257 2599
257 2617
257 2626
257 2627
257 2637
257 2644
257 2649
257 2684
257 2693
257 2694
257 2695
257 2696
257 2697
257 2698
257 2699
257 2700
257 2701
257 2702
257 2703
257 2704
257 2705
257 2706
257 2707
257 2708
257 2709
257 2710
257 2711
257 2712
257 2713
257 2714
257 2715
257 2716
257 2717
257 2718
257 2719
257 2720
257 2721
257 2722
257 2723
257 2724
257 2725
257 2726
257 2727
257 2728
257 2729
257 2730
257 2731
257 2732
257 2733
257 2734
257 2735
257 2736
258 258
258 1576
259 394
262 1620
263 616
263 617
266 267
267 100
267 138
267 201
267 266
267 267
267 422
267 512
267 513
267 863
267 864
267 957
267 958
267 959
267 985
267 986
267 987
267 1424
268 664
274 275
274 298
276 6
276 23
276 623
278 94
278 278
278 279
278 370
278 499
278 692
278 815
278 995
279 94
279 370
279 499
279 529
279 692
279 815
279 995
283 235
284 278
284 279
284 370
285 90
286 46
286 189
286 201
286 216
286 222
286 286
286 357
286 456
286 512
286 539
286 696
286 953
286 962
286 963
286 964
286 968
286 969
286 1209
286 1235
286 1305
286 1341
286 1362
286 1419
286 1423
286 1431
286 1571
286 1572
286 1600
286 1601
286 1602
286 1603
286 1604
286 1605
286 1606
286 1607
286 1608
286 1609
286 1610
286 1611
286 1612
286 1613
287 475
287 477
287 671
287 694
287 1665
288 450
288 490
288 514
288 734
289 290
289 360
289 735
290 607
290 899
290 981
291 5
291 57
291 291
294 104
295 295
295 296
296 296
298 266
298 320
298 331
298 332
298 373
299 478
302 186
303 394
303 535
304 222
306 222
306 307
307 222
307 306
307 308
307 3736
308 307
308 3736
309 108
309 114
309 124
309 142
309 654
315 129
316 14
316 514
316 1018
318 220
319 320
319 1146
320 298
320 319
320 325
320 326
320 331
320 332
320 590
320 1378
321 359
321 910
322 402
325 326
325 762
325 763
325 2679
327 46
327 63
327 84
327 115
327 287
327 368
327 475
327 515
327 657
327 658
327 870
329 211
329 329
329 330
329 345
329 459
329 598
329 604
329 668
329 669
329 751
329 752
329 753
329 754
329 755
329 756
329 757
329 758
329 830
329 850
329 851
329 918
329 919
329 920
329 921
329 922
329 923
329 924
329 925
329 926
329 927
329 928
329 929
329 930
329 931
329 932
329 933
329 934
329 935
329 936
329 937
329 938
329 939
329 940
329 1082
331 332
332 331
332 394
334 2
334 11
334 20
334 42
334 43
334 46
334 53
334 63
334 66
334 82
334 85
334 88
334 98
334 101
334 109
334 111
334 113
334 121
334 137
334 146
334 149
334 150
334 152
334 153
334 158
334 160
334 163
334 168
334 172
334 174
334 180
334 183
334 184
334 185
334 188
334 189
334 193
334 195
334 200
334 201
334 209
334 216
334 218
334 220
334 222
334 223
334 226
334 234
334 239
334 251
334 254
334 266
334 267
334 273
334 281
334 285
334 302
334 311
334 320
334 323
334 334
334 337
334 338
334 346
334 350
334 357
334 362
334 364
334 370
334 388
334 389
334 390
334 405
334 410
334 413
334 415
334 416
334 418
334 419
334 420
334 421
334 422
334 434
334 441
334 443
334 447
334 452
334 453
334 454
334 456
334 458
334 462
334 468
334 469
334 473
334 481
334 487
334 512
334 513
334 515
334 517
334 518
334 529
334 533
334 538
334 539
334 546
334 547
334 548
334 551
334 560
334 562
334 575
334 580
334 589
334 594
334 605
334 607
334 611
334 613
334 614
334 617
334 618
334 619
334 632
334 634
334 635
334 651
334 653
334 659
334 660
334 665
334 669
334 670
334 674
334 675
334 676
334 680
334 682
334 683
334 684
334 692
334 698
334 703
334 709
334 731
334 746
334 748
334 761
334 763
334 767
334 776
334 781
334 787
334 789
334 791
334 819
334 820
334 821
334 824
334 825
334 826
334 829
334 832
334 838
334 850
334 855
334 858
334 860
334 863
334 864
334 873
334 880
334 882
334 890
334 897
334 899
334 912
334 914
334 927
334 947
334 950
334 951
334 957
334 958
334 959
334 962
334 963
334 964
334 966
334 968
334 969
334 970
334 981
334 982
334 985
334 986
334 987
334 988
334 990
334 992
334 997
334 999
334 1002
334 1003
334 1006
334 1016
334 1042
334 1047
334 1055
334 1080
334 1083
334 1086
334 1087
334 1103
334 1111
334 1113
334 1121
334 1124
334 1143
334 1146
334 1157
334 1164
334 1165
334 1171
334 1175
334 1177
334 1191
334 1196
334 1198
334 1203
334 1206
334 1224
334 1228
334 1234
334 1235
334 1254
334 1258
334 1263
334 1273
334 1286
334 1287
334 1289
334 1290
334 1299
334 1315
334 1325
334 1337
334 1341
334 1342
334 1345
334 1346
334 1348
334 1350
334 1351
334 1352
334 1357
334 1359
334 1362
334 1369
334 1373
334 1376
334 1378
334 1379
334 1381
334 1393
334 1412
334 1415
334 1418
334 1419
334 1422
334 1445
334 1446
334 1447
334 1448
334 1450
334 1451
334 1453
334 1454
334 1458
334 1460
334 1461
334 1464
334 1465
334 1466
334 1468
334 1469
334 1470
334 1474
334 1476
334 1478
334 1479
334 1480
334 1481
334 1484
334 1485
334 1487
334 1488
334 1489
334 1490
334 1491
334 1492
334 1493
334 1495
334 1496
334 1498
334 1499
334 1500
334 1502
334 1503
334 1504
334 1505
334 1506
334 1508
334 1511
334 1512
334 1513
334 1514
334 1515
334 1516
334 1517
334 1521
334 1522
334 1523
334 1527
334 1528
334 1531
334 1536
334 1539
334 1542
334 1543
334 1554
334 1557
334 1559
334 1560
334 1561
334 1562
334 1563
334 1564
334 1565
334 1566
334 1567
334 1568
334 1569
334 1570
334 1571
334 1572
334 1573
334 1574
334 1587
334 1594
334 1600
334 1601
334 1602
334 1603
334 1604
334 1605
334 1607
334 1608
334 1609
334 1610
334 1611
334 1613
334 1618
334 1621
334 1622
334 1631
334 1632
334 1642
334 1653
334 1680
334 1682
334 1684
334 1685
334 1688
334 1689
334 1690
334 1691
334 1695
334 1698
334 1699
334 1701
334 1702
334 1705
334 1709
334 1710
334 1725
334 1730
334 1732
334 1743
334 1745
334 1748
334 1760
334 1805
334 1808
334 1824
334 1831
334 1835
334 1839
334 1853
334 1861
334 1868
334 1882
334 1888
334 1911
334 1916
334 1919
334 1926
334 1931
334 1932
334 1950
334 1952
334 1954
334 1956
334 1964
334 1966
334 1967
334 1968
334 1970
334 1974
334 1975
334 1978
334 1982
334 1984
334 1987
334 1988
334 1989
334 1993
334 1995
334 1997
334 2001
334 2002
334 2005
334 2007
334 2009
334 2011
334 2017
334 2026
334 2028
334 2045
334 2046
334 2055
334 2060
334 2085
334 2089
334 2093
334 2100
334 2101
334 2103
334 2116
334 2120
334 2137
334 2146
334 2152
334 2154
334 2165
334 2180
334 2184
334 2198
334 2199
334 2211
334 2230
334 2235
334 2245
334 2265
334 2279
334 2284
334 2292
334 2293
334 2310
334 2322
334 2329
334 2338
334 2346
334 2348
334 2364
334 2383
334 2387
334 2388
334 2396
334 2427
334 2436
334 2438
334 2444
334 2446
334 2448
334 2449
334 2450
334 2451
334 2452
334 2473
334 2488
334 2504
334 2512
334 2513
334 2531
334 2538
334 2539
334 2552
334 2554
334 2557
334 2559
334 2560
334 2565
334 2566
334 2569
334 2573
334 2574
334 2576
334 2581
334 2583
334 2586
334 2589
334 2592
334 2599
334 2601
334 2605
334 2612
334 2617
334 2620
334 2621
334 2623
334 2626
334 2627
334 2628
334 2629
334 2630
334 2631
334 2632
334 2633
334 2635
334 2636
334 2637
334 2638
334 2641
334 2643
334 2644
334 2646
334 2648
334 2649
334 2651
334 2652
334 2653
334 2657
334 2658
334 2659
334 2661
334 2662
334 2663
334 2666
334 2668
334 2669
334 2672
334 2673
334 2684
334 2687
334 2689
334 2693
334 2694
334 2695
334 2698
334 2701
334 2702
334 2703
334 2705
334 2706
334 2707
334 2708
334 2714
334 2715
334 2716
334 2717
334 2718
334 2720
334 2721
334 2722
334 2723
334 2724
334 2726
334 2727
334 2728
334 2729
334 2730
334 2732
334 2733
334 2734
334 2735
334 2736
334 2748
334 2749
334 2768
334 2787
334 2799
334 2807
334 2825
334 2838
334 2840
334 2845
334 2863
334 2875
334 2889
334 2893
334 2900
334 2907
334 2914
334 2924
334 2944
334 2946
334 2956
334 3014
334 3021
334 3029
334 3036
334 3041
334 3046
334 3058
334 3061
334 3069
334 3071
334 3086
334 3089
334 3091
334 3096
334 3101
334 3109
334 3115
334 3124
334 3126
334 3137
334 3142
334 3149
334 3150
334 3154
334 3181
334 3249
334 3270
334 3281
334 3299
334 3318
334 3332
334 3340
334 3370
334 3385
334 3406
334 3411
334 3433
334 3438
334 3521
334 3532
334 3547
334 3564
334 3608
334 3613
334 3632
334 3639
334 3651
334 3674
334 3679
334 3680
334 3688
334 3693
334 3696
334 3697
334 3699
334 3700
334 3704
334 3706
334 3708
334 3713
334 3714
334 3715
334 3716
334 3717
334 3718
334 3719
334 3720
334 3742
334 3747
334 3752
334 3753
334 3759
334 3766
334 3773
334 3774
334 3779
334 3795
334 3801
334 3809
334 3812
334 3813
334 3815
334 3816
334 3819
334 3822
334 3828
334 3830
334 3831
334 3835
334 3836
334 3838
334 3840
334 3841
334 3842
334 3843
334 3845
334 3846
334 3847
334 3848
334 3849
334 3850
334 3853
334 3855
334 3864
334 3865
334 3872
334 3874
334 3875
334 3876
334 3883
334 3888
334 3889
334 3890
334 3891
334 3892
334 3894
334 3897
334 3898
334 3899
334 3901
334 3902
334 3907
334 3911
334 3912
334 3914
334 3915
334 3917
334 3918
334 3925
334 3928
334 3929
334 3930
334 3932
334 3933
334 3934
334 3936
334 3937
334 3938
334 3939
334 3940
334 3941
334 3942
334 3943
334 3944
334 3945
334 3946
334 3947
334 3948
334 3950
334 3952
334 3953
334 3954
334 3955
334 3956
334 3957
334 3958
334 3959
334 3960
334 3961
334 3963
334 3964
334 3965
334 3966
334 3968
334 3969
334 3970
334 3971
334 3972
334 3973
334 3974
334 3976
334 3977
334 3980
334 3982
334 3983
334 3984
334 3986
334 3987
334 3990
334 3992
334 3993
334 3995
334 3998
334 3999
334 4001
334 4003
334 4008
334 4014
334 4015
334 4016
334 4028
334 4033
334 4038
334 4039
334 4040
334 4041
334 4043
334 4044
334 4046
334 4047
334 4048
334 4049
334 4050
334 4051
334 4052
334 4053
334 4054
334 4055
334 4056
334 4057
334 4058
334 4059
334 4060
334 4061
334 4062
334 4063
334 4064
334 4065
334 4066
334 4067
334 4068
334 4069
334 4070
334 4071
334 4072
334 4073
334 4074
334 4075
334 4076
334 4077
340 537
345 329
345 459
345 604
345 829
345 927
345 942
345 943
345 1057
345 1683
346 211
346 281
346 346
346 384
346 459
346 573
346 598
346 604
346 751
346 851
346 914
346 918
346 919
346 920
346 921
346 922
346 923
346 924
346 925
346 926
346 927
346 928
346 941
346 942
346 943
346 944
346 945
346 946
350 67
350 439
351 350
352 350
354 86
355 353
359 321
360 175
360 289
360 735
363 336
364 257
365 96
366 584
366 585
369 225
369 490
373 320
373 373
375 115
375 368
375 521
375 543
375 764
375 765
375 961
375 962
375 963
375 964
379 165
381 129
381 216
382 2
383 275
385 574
387 46
387 147
387 193
388 98
392 143
393 9
394 6
394 19
394 31
394 32
394 46
394 48
394 52
394 55
394 66
394 101
394 144
394 146
394 147
394 168
394 193
394 201
394 220
394 231
394 234
394 253
394 259
394 303
394 331
394 332
394 359
394 366
394 391
394 413
394 484
394 534
394 538
394 586
394 615
394 626
394 627
394 709
394 778
394 780
394 845
394 847
394 848
394 862
394 947
394 969
394 973
394 976
394 994
394 999
394 1080
394 1183
394 1190
394 1228
394 1230
394 1250
394 1251
394 1350
394 1378
394 1517
394 1523
394 1570
394 1573
394 1574
394 1599
394 1610
394 1656
394 1791
394 1805
394 1816
394 1963
394 1965
394 1966
394 1968
394 1972
394 1977
394 1981
394 1988
394 1995
394 1997
394 2002
394 2188
394 2220
394 2224
394 2227
394 2364
394 2399
394 2451
394 2501
394 2557
394 2579
394 2617
394 2636
394 2642
394 2643
394 2653
394 2661
394 2717
394 2726
394 2735
394 2866
394 2929
394 2979
394 2983
394 3066
394 3147
394 3154
394 3621
394 3627
394 3686
394 3687
394 3688
394 3689
394 3690
394 3691
394 3692
394 3693
394 3694
394 3695
394 3696
394 3697
394 3698
394 3699
394 3700
394 3701
394 3702
394 3703
394 3704
394 3705
394 3706
395 73
395 396
396 73
396 395
396 843
397 2
402 322
402 383
404 308
404 3736
407 129
407 179
407 407
407 424
407 540
407 714
408 81
408 228
408 620
410 549
422 201
422 266
422 267
423 181
423 434
423 435
424 179
424 184
424 407
424 424
424 540
424 714
425 394
428 1238
428 2463
429 1436
429 2692
434 181
434 182
434 184
434 434
434 435
434 482
434 502
434 2455
435 180
435 181
435 182
435 184
435 482
436 182
436 502
437 34
437 201
439 14
440 576
440 685
440 858
440 859
440 860
441 576
441 685
441 858
441 859
441 860
441 866
442 197
443 197
443 2463
444 171
444 445
444 572
444 682
444 705
444 709
444 719
444 720
444 721
444 728
444 729
444 730
444 731
444 732
446 238
446 489
446 950
450 7
450 288
451 383
453 2
453 11
453 20
453 30
453 42
453 43
453 46
453 48
453 52
453 53
453 63
453 66
453 67
453 71
453 82
453 85
453 88
453 92
453 98
453 101
453 104
453 111
453 113
453 119
453 121
453 137
453 138
453 146
453 149
453 150
453 151
453 158
453 160
453 164
453 172
453 174
453 178
453 180
453 183
453 184
453 185
453 188
453 189
453 193
453 195
453 198
453 200
453 201
453 209
453 211
453 216
453 223
453 226
453 234
453 235
453 237
453 239
453 243
453 245
453 262
453 266
453 267
453 273
453 275
453 277
453 278
453 281
453 302
453 305
453 311
453 312
453 318
453 323
453 329
453 330
453 334
453 337
453 344
453 345
453 346
453 357
453 359
453 362
453 364
453 370
453 377
453 378
453 379
453 388
453 390
453 394
453 405
453 410
453 413
453 415
453 417
453 418
453 419
453 420
453 421
453 422
453 434
453 435
453 441
453 443
453 447
453 452
453 453
453 455
453 456
453 458
453 459
453 468
453 469
453 473
453 479
453 481
453 487
453 497
453 500
453 504
453 506
453 512
453 513
453 515
453 517
453 518
453 519
453 529
453 530
453 533
453 538
453 539
453 546
453 547
453 548
453 549
453 551
453 552
453 560
453 562
453 570
453 580
453 584
453 585
453 594
453 605
453 607
453 613
453 614
453 616
453 617
453 618
453 619
453 620
453 627
453 632
453 634
453 635
453 650
453 653
453 659
453 665
453 667
453 668
453 669
453 670
453 673
453 674
453 675
453 676
453 679
453 680
453 683
453 684
453 686
453 692
453 698
453 703
453 705
453 709
453 724
453 731
453 732
453 745
453 746
453 748
453 751
453 755
453 756
453 757
453 758
453 761
453 767
453 776
453 779
453 781
453 783
453 784
453 787
453 788
453 789
453 790
453 791
453 803
453 804
453 819
453 820
453 821
453 824
453 825
453 826
453 828
453 830
453 832
453 838
453 850
453 851
453 855
453 856
453 858
453 859
453 860
453 863
453 864
453 865
453 873
453 875
453 880
453 882
453 890
453 896
453 897
453 899
453 906
453 920
453 921
453 926
453 927
453 932
453 933
453 934
453 949
453 950
453 951
453 957
453 958
453 959
453 962
453 963
453 964
453 966
453 967
453 968
453 969
453 970
453 981
453 985
453 986
453 987
453 990
453 992
453 997
453 999
453 1002
453 1003
453 1006
453 1016
453 1037
453 1040
453 1042
453 1046
453 1047
453 1051
453 1057
453 1059
453 1065
453 1080
453 1083
453 1086
453 1087
453 1098
453 1103
453 1104
453 1106
453 1107
453 1109
453 1111
453 1113
453 1117
453 1121
453 1137
453 1146
453 1155
453 1157
453 1165
453 1171
453 1183
453 1186
453 1191
453 1198
453 1199
453 1203
453 1206
453 1209
453 1224
453 1228
453 1233
453 1234
453 1235
453 1254
453 1258
453 1263
453 1273
453 1283
453 1286
453 1289
453 1290
453 1296
453 1299
453 1304
453 1315
453 1316
453 1325
453 1337
453 1341
453 1342
453 1345
453 1348
453 1350
453 1351
453 1352
453 1353
453 1357
453 1359
453 1362
453 1369
453 1373
453 1375
453 1376
453 1378
453 1379
453 1381
453 1409
453 1415
453 1418
453 1419
453 1422
453 1423
453 1445
453 1446
453 1447
453 1449
453 1450
453 1451
453 1453
453 1454
453 1458
453 1460
453 1461
453 1464
453 1465
453 1466
453 1467
453 1468
453 1469
453 1470
453 1473
453 1474
453 1476
453 1478
453 1479
453 1480
453 1481
453 1483
453 1484
453 1485
453 1487
453 1488
453 1489
453 1490
453 1491
453 1492
453 1493
453 1495
453 1496
453 1498
453 1499
453 1500
453 1502
453 1503
453 1504
453 1506
453 1511
453 1512
453 1513
453 1514
453 1515
453 1516
453 1517
453 1521
453 1527
453 1528
453 1531
453 1536
453 1537
453 1539
453 1542
453 1543
453 1554
453 1557
453 1558
453 1559
453 1561
453 1562
453 1563
453 1564
453 1565
453 1566
453 1567
453 1568
453 1569
453 1570
453 1571
453 1572
453 1573
453 1574
453 1582
453 1587
453 1594
453 1600
453 1601
453 1602
453 1603
453 1604
453 1605
453 1607
453 1608
453 1609
453 1610
453 1611
453 1613
453 1618
453 1621
453 1622
453 1623
453 1630
453 1632
453 1634
453 1635
453 1637
453 1641
453 1642
453 1656
453 1675
453 1679
453 1680
453 1682
453 1684
453 1685
453 1688
453 1689
453 1690
453 1691
453 1692
453 1695
453 1698
453 1699
453 1700
453 1701
453 1702
453 1704
453 1705
453 1708
453 1709
453 1725
453 1730
453 1743
453 1745
453 1748
453 1760
453 1772
453 1781
453 1803
453 1805
453 1808
453 1816
453 1827
453 1831
453 1835
453 1839
453 1842
453 1848
453 1856
453 1861
453 1866
453 1868
453 1911
453 1916
453 1918
453 1919
453 1920
453 1926
453 1927
453 1931
453 1932
453 1949
453 1950
453 1952
453 1954
453 1956
453 1963
453 1964
453 1965
453 1966
453 1967
453 1968
453 1970
453 1971
453 1973
453 1974
453 1975
453 1977
453 1978
453 1979
453 1980
453 1984
453 1987
453 1988
453 1989
453 1992
453 1993
453 1994
453 1995
453 1996
453 1997
453 1998
453 2000
453 2001
453 2002
453 2005
453 2007
453 2009
453 2011
453 2017
453 2026
453 2028
453 2030
453 2045
453 2051
453 2055
453 2060
453 2084
453 2085
453 2089
453 2091
453 2092
453 2093
453 2100
453 2101
453 2103
453 2118
453 2120
453 2137
453 2146
453 2152
453 2153
453 2154
453 2165
453 2179
453 2180
453 2184
453 2199
453 2205
453 2211
453 2213
453 2214
453 2220
453 2224
453 2227
453 2230
453 2245
453 2248
453 2272
453 2293
453 2294
453 2306
453 2310
453 2322
453 2329
453 2338
453 2346
453 2348
453 2364
453 2396
453 2427
453 2436
453 2438
453 2446
453 2448
453 2449
453 2450
453 2451
453 2452
453 2462
453 2488
453 2491
453 2504
453 2512
453 2513
453 2525
453 2531
453 2532
453 2538
453 2539
453 2540
453 2550
453 2552
453 2554
453 2557
453 2559
453 2560
453 2565
453 2566
453 2569
453 2573
453 2574
453 2576
453 2577
453 2581
453 2584
453 2586
453 2589
453 2592
453 2593
453 2596
453 2598
453 2599
453 2600
453 2601
453 2605
453 2608
453 2612
453 2617
453 2618
453 2620
453 2621
453 2622
453 2623
453 2626
453 2627
453 2628
453 2629
453 2630
453 2631
453 2632
453 2633
453 2635
453 2636
453 2637
453 2638
453 2640
453 2641
453 2642
453 2643
453 2644
453 2648
453 2649
453 2650
453 2651
453 2653
453 2655
453 2657
453 2658
453 2659
453 2661
453 2662
453 2663
453 2665
453 2666
453 2668
453 2669
453 2671
453 2672
453 2673
453 2684
453 2687
453 2689
453 2693
453 2695
453 2696
453 2698
453 2701
453 2702
453 2703
453 2707
453 2708
453 2713
453 2714
453 2715
453 2716
453 2717
453 2718
453 2720
453 2721
453 2722
453 2723
453 2724
453 2726
453 2727
453 2728
453 2729
453 2730
453 2731
453 2732
453 2733
453 2734
453 2735
453 2736
453 2750
453 2768
453 2774
453 2781
453 2787
453 2799
453 2815
453 2821
453 2840
453 2845
453 2852
453 2855
453 2863
453 2875
453 2880
453 2885
453 2893
453 2894
453 2900
453 2907
453 2914
453 2924
453 2931
453 2937
453 2944
453 2946
453 2953
453 2971
453 2983
453 3014
453 3021
453 3026
453 3036
453 3041
453 3058
453 3062
453 3069
453 3071
453 3072
453 3086
453 3089
453 3096
453 3101
453 3107
453 3109
453 3115
453 3116
453 3120
453 3137
453 3142
453 3147
453 3150
453 3154
453 3167
453 3219
453 3220
453 3249
453 3268
453 3275
453 3307
453 3315
453 3318
453 3322
453 3332
453 3339
453 3340
453 3353
453 3383
453 3385
453 3390
453 3394
453 3411
453 3433
453 3438
453 3462
453 3496
453 3521
453 3547
453 3564
453 3587
453 3592
453 3595
453 3613
453 3616
453 3632
453 3639
453 3651
453 3655
453 3674
453 3679
453 3693
453 3694
453 3696
453 3697
453 3698
453 3699
453 3700
453 3704
453 3706
453 3708
453 3713
453 3714
453 3715
453 3716
453 3718
453 3719
453 3720
453 3742
453 3744
453 3745
453 3750
453 3753
453 3754
453 3759
453 3764
453 3773
453 3774
453 3776
453 3779
453 3801
453 3809
453 3812
453 3813
453 3814
453 3815
453 3816
453 3818
453 3819
453 3820
453 3822
453 3823
453 3828
453 3830
453 3831
453 3835
453 3836
453 3838
453 3839
453 3840
453 3841
453 3842
453 3843
453 3844
453 3847
453 3848
453 3849
453 3850
453 3851
453 3853
453 3855
453 3856
453 3857
453 3864
453 3865
453 3871
453 3872
453 3873
453 3874
453 3876
453 3883
453 3884
453 3888
453 3889
453 3890
453 3891
453 3892
453 3893
453 3894
453 3897
453 3898
453 3899
453 3902
453 3903
453 3907
453 3910
453 3911
453 3912
453 3914
453 3915
453 3917
453 3918
453 3925
453 3927
453 3929
453 3930
453 3931
453 3932
453 3933
453 3934
453 3935
453 3936
453 3937
453 3938
453 3939
453 3940
453 3941
453 3942
453 3943
453 3944
453 3945
453 3946
453 3947
453 3948
453 3949
453 3950
453 3951
453 3952
453 3953
453 3954
453 3955
453 3956
453 3957
453 3958
453 3959
453 3960
453 3961
453 3962
453 3963
453 3964
453 3965
453 3966
453 3967
453 3968
453 3969
453 3970
453 3971
453 3972
453 3973
453 3974
453 3975
453 3976
453 3977
453 3978
453 3979
453 3980
453 3981
453 3982
453 3983
453 3984
453 3985
453 3986
453 3987
453 3988
453 3989
453 3990
453 3991
453 3992
453 3993
453 3994
453 3995
453 3996
453 3997
453 3998
453 3999
453 4000
453 4001
453 4002
453 4003
453 4004
453 4005
453 4006
453 4007
453 4008
453 4009
453 4010
453 4011
453 4012
453 4013
453 4014
453 4015
453 4016
453 4017
453 4018
453 4019
453 4020
453 4021
453 4022
453 4023
453 4024
453 4025
453 4026
453 4027
453 4028
453 4029
453 4030
453 4031
453 4032
453 4033
453 4034
453 4035
453 4036
453 4037
453 4038
453 4039
453 4040
453 4041
453 4042
453 4043
453 4044
453 4045
454 290
460 46
460 193
460 851
460 985
460 2284
462 161
462 1575
467 31
467 90
467 234
468 2
470 471
471 407
471 424
471 427
471 470
472 167
473 291
474 291
475 149
475 287
475 477
475 671
475 952
475 1663
475 1664
475 3562
476 694
476 1665
477 54
477 287
477 475
477 952
479 461
482 502
487 223
488 661
489 152
489 446
490 132
490 140
490 288
490 491
490 733
490 734
490 883
490 884
490 885
490 886
490 887
490 888
490 993
491 34
492 390
492 492
492 560
492 1043
492 1137
492 1152
492 1199
492 1275
492 1341
492 1342
492 1343
493 670
495 231
495 259
496 89
496 162
496 353
496 416
496 453
496 458
496 460
496 519
496 820
496 913
496 1124
496 1162
496 1210
496 1292
496 1402
496 1420
496 1647
496 1691
496 1774
496 1781
496 1787
496 1797
496 1832
496 1934
496 1938
496 2006
496 2018
496 2019
496 2035
496 2161
496 2194
496 2229
496 2232
496 2247
496 2288
496 2324
496 2401
496 2402
496 2403
496 2404
496 2405
496 2406
496 2407
496 2408
496 2409
496 2410
496 2411
496 2412
496 2413
496 2414
496 2415
496 2416
496 2417
496 2418
496 2419
496 2420
496 2421
496 2422
496 2423
496 2424
496 2425
496 2426
496 2427
496 2428
496 2429
496 2430
496 2431
496 2432
496 2433
496 2434
496 2435
496 2436
496 2437
496 2438
496 2439
496 2440
496 2441
496 2442
496 2443
496 2444
496 2445
496 2446
497 75
498 2
499 279
499 370
499 815
499 995
500 197
502 181
502 482
503 129
505 46
509 509
509 792
509 793
509 794
509 795
509 796
509 797
509 798
510 153
511 207
511 208
512 202
512 413
512 533
513 138
513 201
513 266
513 267
513 462
513 512
513 1575
514 316
514 657
520 1230
521 115
521 163
521 375
521 959
521 1084
521 1085
521 1086
521 1087
521 1088
521 1089
521 1090
525 1740
525 1904
525 2543
526 2
527 225
527 369
527 390
527 490
527 890
529 530
530 439
530 547
530 548
530 1098
530 2463
531 2025
531 2475
532 100
532 137
532 138
532 201
532 413
532 512
532 513
532 703
532 821
532 966
532 967
532 968
532 969
532 970
532 971
532 1353
532 1572
532 1613
532 1621
532 1622
532 1623
532 1630
532 1631
532 1632
532 1633
532 1634
532 1635
532 1636
532 1637
532 1638
532 1639
532 1640
532 1641
532 1642
533 201
533 413
533 512
533 513
533 703
533 821
533 966
533 968
533 969
533 1353
533 1572
533 1613
533 1621
533 1622
533 1623
536 195
536 276
536 623
536 679
537 340
537 623
537 1441
539 1204
540 424
541 93
541 764
542 541
542 765
542 868
543 764
545 546
547 548
547 741
547 742
547 743
548 324
548 547
548 741
548 742
548 743
549 250
549 410
549 620
550 250
555 195
558 22
561 57
561 181
561 184
561 435
561 628
561 629
561 630
564 566
565 22
565 37
565 38
565 39
565 40
565 41
565 602
565 669
565 975
565 977
565 978
565 979
565 980
565 1569
565 1951
565 1952
566 564
570 623
571 573
574 385
575 2
576 576
576 731
576 732
580 959
580 1423
581 84
581 197
582 582
582 583
582 916
583 583
583 916
583 917
586 55
587 94
588 400
589 227
595 576
595 1666
595 1667
595 1788
595 2381
595 2493
596 73
596 94
596 106
596 176
596 177
596 190
596 191
596 192
596 395
596 396
596 586
596 839
596 840
596 841
596 842
596 843
598 346
599 129
599 901
600 356
600 601
600 602
600 972
600 973
600 974
601 356
601 398
601 600
601 602
601 972
601 973
601 974
602 37
602 39
602 40
602 41
602 356
602 600
602 601
602 972
602 973
602 974
602 975
602 976
602 977
602 978
605 113
605 154
605 418
605 605
605 880
605 950
605 1224
605 1296
605 1326
605 1347
605 1423
605 1445
605 1449
605 1465
605 1467
605 1469
605 1470
605 1479
605 1503
605 1511
605 1512
605 2525
605 2696
605 2697
605 3072
605 3711
608 607
608 981
610 454
610 607
610 899
610 981
611 982
613 84
613 107
613 146
613 281
613 287
613 327
613 670
613 767
613 783
613 784
613 988
613 1183
613 1337
613 1443
613 1444
613 1513
613 1909
613 1964
613 1965
613 1966
613 1967
613 1968
613 1969
613 1970
613 1971
613 1972
613 1973
613 1974
613 1975
613 1976
613 1977
613 1978
613 1979
613 1980
613 1981
613 1982
613 1983
613 1984
613 1985
614 615
615 614
619 14
620 111
620 408
620 549
620 550
620 605
620 849
620 1049
620 1050
620 1051
620 1052
623 276
623 536
623 537
623 570
624 88
626 197
626 394
626 626
632 257
634 48
634 243
635 32
635 88
635 90
635 97
635 101
635 234
635 437
635 536
635 635
635 675
636 57
636 181
636 232
636 629
637 1673
637 1674
637 1675
637 1676
638 640
639 638
639 640
645 660
648 432
648 647
649 185
649 302
649 650
649 651
650 85
650 119
650 146
650 148
650 185
650 186
650 200
650 260
650 264
650 267
650 283
650 302
650 456
650 519
650 611
650 651
650 653
650 659
650 673
650 680
650 703
650 781
650 819
650 821
650 826
650 855
650 950
650 966
650 969
650 970
650 998
650 1002
650 1040
650 1046
650 1209
650 1232
650 1258
650 1362
650 1373
650 1486
650 1516
650 1542
650 1563
650 1632
650 1684
650 1685
650 1688
650 1689
650 1690
650 1691
650 1695
650 1701
650 1704
650 1705
650 1709
650 1741
650 1875
650 1932
650 1971
650 2000
650 2051
650 2166
650 2288
650 2306
650 2340
650 2364
650 2450
650 2474
650 2510
650 2552
650 2557
650 2569
650 2574
650 2584
650 2605
650 2611
650 2612
650 2622
650 2633
650 2634
650 2637
650 2640
650 2641
650 2644
650 2646
650 2650
650 2651
650 2653
650 2656
650 2657
650 2658
650 2659
650 2660
650 2661
650 2662
650 2663
650 2664
650 2665
650 2666
650 2667
650 2668
650 2669
650 2670
650 2671
650 2672
650 2673
650 2674
652 327
652 1114
652 1230
652 1409
654 108
654 114
654 124
654 142
654 309
654 655
654 656
655 108
655 114
655 142
655 309
655 654
655 656
656 108
656 114
656 142
656 309
656 654
656 655
657 84
657 327
657 700
658 46
658 115
658 232
658 327
658 368
658 657
658 870
658 1725
662 289
662 360
663 664
665 71
667 692
668 11
668 211
668 267
668 329
668 330
668 345
668 410
668 459
668 519
668 598
668 603
668 604
668 668
668 669
668 718
668 751
668 752
668 753
668 755
668 756
668 757
668 758
668 818
668 830
668 850
668 851
668 918
668 919
668 921
668 922
668 923
668 924
668 925
668 926
668 927
668 928
668 930
668 932
668 933
668 934
668 935
668 939
668 941
668 942
668 943
668 983
668 988
668 998
668 1061
668 1087
668 1201
668 1212
668 1371
668 1653
668 1669
668 1677
668 1678
668 1679
668 1680
668 1681
668 1682
668 1683
668 1684
668 1685
668 1686
668 1687
668 1688
668 1689
668 1690
668 1691
668 1692
668 1693
668 1694
668 1695
668 1696
668 1697
668 1698
668 1699
668 1700
668 1701
668 1702
668 1703
668 1704
668 1705
668 1706
668 1707
668 1708
668 1709
668 1710
668 1711
668 1712
668 1713
669 162
669 211
669 329
669 330
669 345
669 410
669 459
669 598
669 603
669 604
669 668
669 669
669 718
669 751
669 752
669 753
669 755
669 756
669 757
669 758
669 818
669 830
669 850
669 851
669 918
669 919
669 921
669 922
669 923
669 924
669 925
669 926
669 927
669 928
669 930
669 932
669 933
669 934
669 935
669 936
669 939
669 940
669 941
669 942
669 943
669 988
669 1060
669 1061
669 1371
669 1669
669 1672
669 1677
669 1678
669 1679
669 1681
669 1683
669 1686
669 1687
669 1693
669 1694
669 1697
669 1702
669 1706
669 1707
669 1711
669 1712
669 1713
669 1714
669 1715
669 1716
669 1717
670 493
671 84
671 327
671 475
671 952
671 1665
673 674
673 872
675 82
675 1258
676 677
676 876
677 876
679 195
679 276
679 536
682 681
682 732
682 1022
688 687
689 410
689 690
690 756
692 234
692 278
692 279
692 667
694 287
694 327
694 476
694 1665
695 154
695 1581
696 286
696 953
697 748
699 197
700 203
700 643
700 1082
700 1546
703 413
703 512
704 444
704 445
704 448
704 461
704 572
704 682
704 705
704 706
704 707
704 708
704 709
704 710
704 711
704 719
704 877
704 878
704 1007
705 171
705 444
705 445
705 572
705 682
705 709
705 719
705 720
705 721
705 728
705 729
706 449
706 461
706 618
706 704
706 707
706 708
706 710
706 711
706 1007
706 1555
706 1556
707 1007
717 81
719 444
719 445
719 572
719 682
719 705
719 709
719 720
719 721
719 728
721 681
721 732
721 1022
723 67
723 722
723 724
724 67
724 722
724 723
728 730
730 171
730 444
730 445
730 572
730 682
730 705
730 709
730 719
730 720
730 721
730 728
730 729
730 731
730 732
733 490
733 734
734 132
734 140
734 241
734 288
734 368
734 490
734 541
734 543
734 733
734 734
734 764
734 765
734 870
734 883
734 884
734 886
734 993
734 1187
735 233
735 289
735 360
735 1129
739 739
742 548
744 745
746 439
746 1438
746 1657
749 748
756 690
756 756
756 1677
757 669
757 932
759 329
760 44
761 32
764 541
764 543
764 765
765 375
765 521
765 764
768 14
769 95
769 109
773 1202
778 1523
778 2217
778 2511
779 779
779 1103
779 1104
779 1106
779 1107
779 1108
779 1109
779 1111
779 1112
779 1113
779 1114
779 1115
782 650
782 2474
782 2633
782 2634
790 789
790 791
792 509
792 792
792 793
792 794
792 795
792 796
792 797
792 798
792 799
792 800
793 509
793 792
793 793
793 794
793 796
793 797
793 798
794 509
794 792
794 793
794 794
794 796
794 797
794 798
795 509
795 792
795 793
795 794
795 795
795 796
795 797
795 798
795 799
795 800
795 801
797 509
797 792
797 793
797 794
797 795
797 796
797 797
797 798
798 509
798 792
798 793
798 794
798 796
798 797
798 798
799 792
799 799
799 800
799 801
801 792
801 799
801 800
801 801
802 66
802 766
802 802
802 803
802 804
802 805
802 806
802 807
802 808
802 809
802 810
810 66
810 766
810 802
810 803
810 804
810 805
810 806
810 807
810 808
810 809
810 810
811 2469
811 3675
813 129
815 278
815 279
815 370
815 995
816 539
817 67
818 819
821 1613
823 2463
827 21
827 22
827 23
827 321
827 556
827 558
827 909
827 910
827 911
830 329
836 835
839 73
839 177
839 190
842 73
843 73
843 176
843 177
843 190
843 191
843 192
843 395
843 396
843 839
843 840
843 841
843 842
844 813
844 954
845 846
845 847
845 848
846 847
846 848
850 329
851 329
852 176
853 44
854 854
854 1114
854 1230
861 394
862 861
862 1230
863 267
863 422
863 864
868 368
868 412
868 870
868 871
870 140
870 241
870 490
870 734
871 868
871 870
873 874
873 875
876 2862
879 880
879 881
879 882
884 490
884 734
885 490
886 490
886 734
887 490
888 490
889 539
891 892
891 893
891 894
891 895
896 896
896 897
896 898
897 897
897 898
899 290
900 207
900 900
900 1254
902 902
903 659
904 905
905 216
905 904
905 1966
905 3083
906 705
906 709
907 908
909 23
909 827
909 910
909 911
910 65
910 321
910 827
910 909
910 911
914 346
914 419
914 1349
915 563
915 636
916 583
916 916
917 916
917 917
918 2463
920 2463
922 2463
932 162
932 211
932 329
932 330
932 345
932 410
932 459
932 598
932 603
932 604
932 668
932 669
932 718
932 751
932 752
932 753
932 755
932 756
932 757
932 758
932 818
932 830
932 850
932 851
932 918
932 919
932 921
932 922
932 923
932 924
932 925
932 926
932 927
932 928
932 930
932 932
932 933
932 934
932 935
932 936
932 939
932 940
932 941
932 942
932 988
932 998
932 1060
932 1061
932 1201
932 1371
932 1669
932 1677
932 1678
932 1679
932 1681
932 1682
932 1683
932 1686
932 1687
932 1693
932 1694
932 1697
932 1703
932 1706
932 1707
932 1711
932 1712
932 1713
932 1714
932 1715
932 1716
941 2463
946 346
949 207
949 208
950 446
950 489
952 54
952 477
952 1665
953 1081
954 813
955 203
956 1580
965 257
965 364
965 370
966 970
968 413
968 969
968 1613
985 201
985 422
985 864
985 957
985 958
985 986
985 987
992 993
993 490
993 734
994 19
994 231
994 394
994 1599
995 279
996 705
1008 1826
1017 1104
1017 1289
1018 14
1018 316
1019 46
1019 193
1025 52
1025 82
1025 467
1028 89
1028 1590
1036 263
1037 576
1037 1037
1037 1101
1037 1102
1037 1103
1037 1104
1037 1105
1037 1106
1037 1107
1037 1108
1037 1109
1037 1110
1043 492
1043 1044
1043 1045
1043 1260
1044 1204
1045 1204
1050 3
1050 250
1050 392
1050 549
1050 620
1050 1049
1050 1053
1050 1054
1050 1055
1054 441
1054 664
1054 858
1054 866
1054 1049
1054 1050
1054 1053
1054 1131
1054 1270
1054 1297
1054 1341
1054 1342
1054 1624
1054 1625
1054 2248
1054 2383
1054 2384
1054 2385
1054 2386
1054 2387
1054 2388
1054 2389
1054 2390
1054 2391
1055 560
1055 1120
1055 1288
1055 1343
1055 1434
1055 1829
1055 2379
1055 2380
1055 2381
1055 2382
1064 106
1064 133
1064 187
1064 228
1064 233
1064 263
1064 2494
1065 1066
1067 216
1067 1068
1067 1069
1067 1070
1067 1071
1069 618
1069 1067
1069 1068
1069 1070
1069 1071
1080 98
1080 995
1081 85
1081 286
1081 515
1081 633
1081 652
1081 696
1081 854
1081 953
1081 1305
1083 1082
1091 274
1091 320
1093 14
1093 233
1093 1094
1094 233
1094 1093
1094 1274
1098 530
1101 576
1101 1037
1101 1102
1101 1103
1101 1104
1101 1105
1101 1106
1101 1107
1101 1108
1101 1109
1101 1110
1104 1037
1104 1111
1105 576
1105 1037
1105 1101
1105 1102
1105 1103
1105 1104
1105 1105
1105 1106
1105 1107
1105 1108
1105 1109
1105 1110
1109 1037
1109 1111
1110 576
1110 1037
1110 1101
1110 1102
1110 1103
1110 1104
1110 1105
1110 1106
1110 1107
1110 1108
1110 1109
1110 1110
1111 779
1111 1103
1111 1104
1111 1106
1111 1107
1111 1108
1111 1109
1111 1112
1111 1113
1111 1114
1111 1115
1111 1116
1112 779
1112 1103
1112 1104
1112 1106
1112 1107
1112 1108
1112 1109
1112 1111
1112 1112
1112 1113
1112 1114
1112 1115
1116 779
1116 1103
1116 1104
1116 1106
1116 1107
1116 1108
1116 1109
1116 1111
1116 1112
1116 1113
1116 1114
1116 1115
1120 197
1120 560
1120 1434
1122 490
1126 1127
1126 1128
1130 274
1146 319
1146 320
1152 390
1152 492
1152 560
1152 1152
1152 1199
1152 1275
1190 46
1190 52
1190 101
1190 183
1190 193
1190 456
1190 515
1190 829
1190 985
1190 986
1190 998
1190 1285
1190 1483
1190 1513
1190 1517
1190 1557
1190 1558
1190 1559
1190 1560
1190 1561
1190 1562
1190 1563
1190 1564
1190 1565
1190 2447
1198 1618
1199 390
1199 492
1199 560
1199 1137
1199 1152
1199 1199
1199 1275
1199 1341
1199 1342
1199 1343
1206 209
1207 376
1212 78
1230 520
1230 861
1238 428
1238 2463
1250 1251
1251 394
1251 742
1253 468
1258 675
1260 1043
1260 1044
1260 1045
1267 1202
1267 1890
1270 1054
1270 1131
1270 1624
1270 1625
1271 1202
1271 1267
1271 1890
1275 560
1279 564
1281 2
1281 15
1281 46
1281 63
1281 71
1281 85
1281 113
1281 164
1281 182
1281 183
1281 189
1281 193
1281 201
1281 211
1281 216
1281 222
1281 223
1281 237
1281 261
1281 281
1281 302
1281 305
1281 311
1281 337
1281 344
1281 357
1281 390
1281 401
1281 402
1281 412
1281 413
1281 417
1281 419
1281 420
1281 421
1281 440
1281 441
1281 455
1281 456
1281 473
1281 489
1281 506
1281 512
1281 513
1281 515
1281 516
1281 539
1281 545
1281 562
1281 580
1281 605
1281 613
1281 618
1281 619
1281 626
1281 627
1281 633
1281 652
1281 653
1281 659
1281 669
1281 674
1281 676
1281 690
1281 703
1281 705
1281 736
1281 737
1281 738
1281 742
1281 748
1281 784
1281 787
1281 789
1281 790
1281 801
1281 824
1281 832
1281 851
1281 854
1281 855
1281 856
1281 858
1281 859
1281 860
1281 864
1281 880
1281 881
1281 882
1281 890
1281 947
1281 950
1281 957
1281 959
1281 961
1281 963
1281 964
1281 968
1281 969
1281 990
1281 992
1281 999
1281 1003
1281 1006
1281 1042
1281 1064
1281 1070
1281 1080
1281 1086
1281 1097
1281 1104
1281 1107
1281 1111
1281 1127
1281 1157
1281 1177
1281 1186
1281 1206
1281 1209
1281 1224
1281 1225
1281 1234
1281 1235
1281 1254
1281 1266
1281 1281
1281 1287
1281 1288
1281 1311
1281 1315
1281 1316
1281 1337
1281 1341
1281 1342
1281 1345
1281 1346
1281 1347
1281 1348
1281 1351
1281 1352
1281 1355
1281 1357
1281 1358
1281 1359
1281 1360
1281 1362
1281 1373
1281 1386
1281 1405
1281 1416
1281 1419
1281 1422
1281 1423
1281 1424
1281 1445
1281 1446
1281 1447
1281 1449
1281 1450
1281 1451
1281 1452
1281 1453
1281 1454
1281 1455
1281 1456
1281 1457
1281 1458
1281 1459
1281 1460
1281 1461
1281 1462
1281 1463
1281 1464
1281 1465
1281 1466
1281 1467
1281 1468
1281 1469
1281 1470
1281 1471
1281 1472
1281 1473
1281 1474
1281 1476
1281 1477
1281 1478
1281 1479
1281 1480
1281 1481
1281 1482
1281 1483
1281 1484
1281 1485
1281 1487
1281 1488
1281 1489
1281 1490
1281 1492
1281 1493
1281 1496
1281 1497
1281 1498
1281 1499
1281 1501
1281 1502
1281 1503
1281 1506
1281 1507
1281 1508
1281 1509
1281 1511
1281 1512
1281 1513
1281 1514
1281 1516
1281 1517
1281 1531
1281 1532
1281 1542
1281 1548
1281 1557
1281 1558
1281 1563
1281 1565
1281 1566
1281 1567
1281 1569
1281 1571
1281 1572
1281 1574
1281 1587
1281 1600
1281 1601
1281 1603
1281 1604
1281 1605
1281 1607
1281 1608
1281 1613
1281 1616
1281 1656
1281 1682
1281 1684
1281 1685
1281 1686
1281 1689
1281 1690
1281 1695
1281 1698
1281 1699
1281 1700
1281 1704
1281 1710
1281 1725
1281 1742
1281 1745
1281 1748
1281 1760
1281 1784
1281 1805
1281 1836
1281 1844
1281 1861
1281 1868
1281 1888
1281 1911
1281 1939
1281 1943
1281 1954
1281 1956
1281 1965
1281 1970
1281 1971
1281 1972
1281 1974
1281 1975
1281 1977
1281 1978
1281 1979
1281 1981
1281 1984
1281 1988
1281 1989
1281 1997
1281 1999
1281 2002
1281 2003
1281 2020
1281 2026
1281 2030
1281 2093
1281 2098
1281 2100
1281 2103
1281 2137
1281 2152
1281 2198
1281 2215
1281 2227
1281 2279
1281 2284
1281 2290
1281 2302
1281 2348
1281 2354
1281 2364
1281 2388
1281 2389
1281 2449
1281 2450
1281 2451
1281 2452
1281 2467
1281 2488
1281 2494
1281 2495
1281 2498
1281 2525
1281 2532
1281 2539
1281 2540
1281 2552
1281 2557
1281 2559
1281 2566
1281 2567
1281 2574
1281 2585
1281 2593
1281 2599
1281 2600
1281 2612
1281 2615
1281 2617
1281 2626
1281 2627
1281 2628
1281 2629
1281 2632
1281 2635
1281 2636
1281 2637
1281 2641
1281 2642
1281 2648
1281 2649
1281 2652
1281 2654
1281 2661
1281 2665
1281 2684
1281 2685
1281 2687
1281 2693
1281 2694
1281 2695
1281 2697
1281 2698
1281 2701
1281 2702
1281 2703
1281 2704
1281 2705
1281 2706
1281 2708
1281 2710
1281 2715
1281 2716
1281 2718
1281 2720
1281 2723
1281 2724
1281 2725
1281 2727
1281 2733
1281 2735
1281 2768
1281 2786
1281 2799
1281 2803
1281 2825
1281 2869
1281 2875
1281 2877
1281 2914
1281 2936
1281 2946
1281 2953
1281 2956
1281 2964
1281 3000
1281 3011
1281 3021
1281 3036
1281 3044
1281 3061
1281 3062
1281 3072
1281 3080
1281 3125
1281 3158
1281 3181
1281 3203
1281 3256
1281 3270
1281 3438
1281 3507
1281 3528
1281 3636
1281 3655
1281 3699
1281 3713
1281 3714
1281 3716
1281 3719
1281 3744
1281 3752
1281 3774
1281 3808
1281 3809
1281 3810
1281 3811
1281 3812
1281 3813
1281 3814
1281 3815
1281 3816
1281 3817
1281 3818
1281 3819
1281 3820
1281 3821
1281 3822
1281 3823
1281 3824
1281 3825
1281 3826
1281 3827
1281 3828
1281 3829
1281 3830
1281 3831
1281 3832
1281 3833
1281 3834
1281 3835
1281 3836
1281 3837
1281 3838
1281 3839
1281 3840
1281 3841
1281 3842
1281 3843
1281 3844
1281 3845
1281 3846
1281 3847
1281 3848
1281 3849
1281 3850
1281 3851
1281 3852
1281 3853
1281 3854
1281 3855
1281 3856
1281 3857
1281 3858
1281 3859
1281 3860
1281 3861
1281 3862
1281 3863
1281 3864
1281 3865
1281 3866
1281 3867
1281 3868
1281 3869
1281 3870
1281 3871
1282 167
1289 1379
1292 1619
1305 286
1305 696
1305 953
1342 197
1344 143
1354 163
1354 281
1378 97
1379 560
1379 576
1379 1380
1385 548
1385 1386
1391 23
1391 378
1393 32
1393 90
1393 101
1393 234
1393 635
1409 64
1409 85
1409 652
1409 854
1413 84
1413 115
1413 327
1413 368
1413 475
1413 580
1413 657
1413 658
1413 784
1413 1413
1413 1690
1413 1974
1413 2693
1414 162
1414 225
1414 266
1414 281
1414 337
1414 418
1414 420
1414 421
1414 683
1414 704
1414 705
1414 880
1414 890
1414 905
1414 948
1414 1042
1414 1065
1414 1296
1414 1345
1414 1346
1414 1347
1414 1349
1414 1443
1414 1445
1414 1446
1414 1449
1414 1453
1414 1458
1414 1459
1414 1468
1414 1469
1414 1470
1414 1472
1414 1478
1414 1479
1414 1480
1414 1489
1414 1494
1414 1499
1414 1501
1414 1506
1414 1509
1414 1510
1414 1545
1414 1861
1414 1966
1414 2206
1414 2476
1414 2495
1414 2706
1414 2717
1414 2818
1414 3692
1414 3708
1414 3735
1414 3776
1414 3777
1414 3778
1414 3779
1415 700
1415 1414
1423 197
1424 138
1424 201
1424 266
1424 267
1424 512
1428 917
1428 1427
1428 1429
1436 429
1437 1282
1441 763
1441 1342
1441 1368
1441 1441
1441 1518
1441 1519
1441 1520
1441 1521
1441 1522
1442 475
1442 724
1442 1279
1444 63
1444 107
1444 357
1444 418
1444 420
1444 515
1444 516
1444 613
1444 633
1444 890
1444 950
1444 1345
1444 1346
1444 1347
1444 1352
1444 1362
1444 1373
1444 1443
1444 1444
1444 1445
1444 1446
1444 1447
1444 1448
1444 1449
1444 1450
1444 1451
1444 1452
1444 1453
1444 1454
1444 1455
1444 1456
1444 1457
1444 1458
1444 1459
1444 1460
1444 1463
1444 1464
1444 1465
1444 1466
1444 1467
1444 1468
1444 1470
1444 1472
1444 1473
1444 1474
1444 1475
1444 1477
1444 1478
1444 1479
1444 1480
1444 1485
1444 1487
1444 1490
1444 1491
1444 1492
1444 1500
1444 1504
1444 1506
1444 1507
1444 1509
1444 1510
1444 1511
1444 1512
1523 226
1523 303
1523 535
1523 2511
1526 1049
1527 1443
1537 1537
1538 199
1539 163
1539 199
1539 1540
1539 1541
1545 700
1546 700
1546 1414
1546 1545
1547 462
1547 1017
1547 1548
1552 85
1552 652
1555 618
1561 98
1572 512
1572 968
1572 969
1572 1613
1575 201
1575 462
1575 513
1576 258
1581 695
1590 1028
1592 660
1599 994
1613 969
1614 201
1615 201
1616 1617
1618 1198
1618 1446
1618 1470
1618 1493
1618 1501
1618 2495
1620 262
1622 1613
1622 1631
1622 1642
1623 1642
1626 1627
1626 1628
1627 1626
1628 1626
1629 1566
1631 413
1631 1641
1632 100
1632 138
1632 970
1637 1572
1643 539
1646 1046
1646 1646
1647 1646
1649 98
1665 14
1665 476
1665 694
1665 952
1665 1413
1670 890
1670 1446
1670 2627
1672 211
1672 329
1672 330
1672 345
1672 410
1672 459
1672 598
1672 604
1672 668
1672 669
1672 751
1672 755
1672 756
1672 757
1672 830
1672 850
1672 851
1672 918
1672 919
1672 921
1672 923
1672 924
1672 925
1672 926
1672 927
1672 929
1672 932
1672 934
1672 943
1672 998
1672 1672
1672 1679
1672 1683
1672 1712
1672 1717
1672 1718
1672 1719
1672 1720
1672 1721
1673 637
1673 1674
1673 1675
1675 637
1675 1673
1675 1674
1717 211
1717 329
1717 330
1717 345
1717 669
1717 751
1717 755
1717 757
1717 830
1717 851
1717 918
1717 923
1717 932
1717 934
1717 998
1717 1672
1717 1717
1718 211
1718 329
1718 330
1718 345
1718 346
1718 410
1718 459
1718 598
1718 604
1718 668
1718 669
1718 751
1718 755
1718 756
1718 757
1718 830
1718 850
1718 851
1718 923
1718 924
1718 925
1718 926
1718 927
1718 932
1718 934
1718 998
1718 1679
1718 1683
1718 1712
1718 1718
1718 1719
1718 1722
1719 211
1719 329
1719 345
1719 346
1719 410
1719 459
1719 573
1719 598
1719 604
1719 669
1719 751
1719 755
1719 756
1719 757
1719 830
1719 850
1719 851
1719 914
1719 918
1719 919
1719 921
1719 923
1719 924
1719 925
1719 926
1719 927
1719 929
1719 943
1719 944
1719 945
1719 946
1719 998
1719 1672
1719 1679
1719 1683
1719 1712
1719 1718
1719 1719
1719 1720
1719 1721
1725 658
1725 705
1740 525
1740 1904
1740 1953
1740 2543
1753 219
1780 3432
1816 137
1816 197
1826 281
1826 748
1826 750
1826 950
1826 959
1826 962
1826 1008
1826 1515
1826 1560
1826 2698
1826 2878
1871 413
1871 418
1871 420
1871 776
1871 880
1871 881
1871 890
1871 950
1871 959
1871 1042
1871 1127
1871 1345
1871 1347
1871 1358
1871 1445
1871 1450
1871 1463
1871 1466
1871 1469
1871 1479
1871 1480
1871 1487
1871 1490
1871 1512
1871 1954
1871 1955
1871 1956
1871 1957
1871 1958
1871 1959
1871 1960
1871 1961
1871 1962
1890 1202
1891 201
1904 525
1950 1949
1955 539
1955 908
1955 1064
1955 1871
1955 1957
1955 1959
1955 1962
1955 1963
1957 1871
1957 1955
1957 1959
1957 1962
1959 1871
1959 1955
1959 1957
1959 1962
1962 1871
1962 1955
1962 1957
1962 1959
1963 1955
1963 1957
1963 1962
2059 2441
2066 85
2066 1230
2217 778
2217 2511
2248 441
2248 664
2248 858
2248 866
2248 1131
2248 1270
2248 1297
2248 1341
2248 1342
2248 1624
2248 1625
2248 2248
2248 2383
2248 2384
2248 2385
2248 2386
2248 2387
2248 2388
2248 2389
2248 2390
2336 3798
2347 1073
2359 901
2383 441
2383 664
2383 858
2383 866
2383 1054
2383 1131
2383 1270
2383 1297
2383 1624
2383 1625
2383 2384
2383 2385
2383 2386
2383 2387
2383 2388
2383 2389
2383 2390
2383 3770
2392 571
2399 129
2399 394
2399 538
2441 2059
2447 52
2447 53
2447 183
2447 267
2447 513
2447 964
2447 1362
2447 1489
2447 1565
2447 1566
2447 1569
2447 1571
2447 1680
2447 1710
2447 1805
2447 1950
2447 2447
2447 2448
2447 2449
2447 2450
2447 2451
2447 2452
2455 182
2455 184
2455 434
2455 435
2455 482
2455 502
2461 2
2462 530
2462 1098
2462 2294
2463 530
2493 576
2493 595
2493 1666
2493 1667
2493 1788
2493 2381
2498 408
2498 2499
2500 2498
2508 2509
2511 778
2511 1523
2511 2217
2518 2463
2519 2463
2520 2463
2521 2463
2528 2463
2530 34
2530 64
2530 67
2530 85
2530 112
2530 113
2530 129
2530 137
2530 155
2530 163
2530 183
2530 189
2530 193
2530 194
2530 197
2530 198
2530 200
2530 201
2530 207
2530 208
2530 211
2530 215
2530 222
2530 233
2530 254
2530 263
2530 302
2530 305
2530 314
2530 324
2530 350
2530 351
2530 352
2530 364
2530 380
2530 391
2530 417
2530 430
2530 437
2530 441
2530 443
2530 469
2530 486
2530 492
2530 494
2530 500
2530 515
2530 516
2530 517
2530 532
2530 539
2530 544
2530 547
2530 548
2530 572
2530 574
2530 576
2530 591
2530 618
2530 619
2530 626
2530 633
2530 649
2530 652
2530 653
2530 659
2530 664
2530 685
2530 696
2530 699
2530 700
2530 702
2530 703
2530 705
2530 709
2530 714
2530 736
2530 740
2530 742
2530 743
2530 779
2530 817
2530 821
2530 825
2530 826
2530 845
2530 847
2530 848
2530 854
2530 855
2530 856
2530 866
2530 893
2530 894
2530 900
2530 915
2530 949
2530 951
2530 953
2530 960
2530 963
2530 964
2530 967
2530 969
2530 1003
2530 1036
2530 1037
2530 1046
2530 1047
2530 1054
2530 1064
2530 1065
2530 1071
2530 1086
2530 1087
2530 1097
2530 1102
2530 1103
2530 1104
2530 1106
2530 1107
2530 1108
2530 1109
2530 1111
2530 1112
2530 1113
2530 1114
2530 1115
2530 1116
2530 1184
2530 1199
2530 1209
2530 1222
2530 1223
2530 1224
2530 1269
2530 1289
2530 1305
2530 1378
2530 1380
2530 1385
2530 1386
2530 1394
2530 1416
2530 1423
2530 1451
2530 1454
2530 1459
2530 1497
2530 1509
2530 1542
2530 1548
2530 1559
2530 1565
2530 1573
2530 1574
2530 1584
2530 1604
2530 1605
2530 1608
2530 1610
2530 1642
2530 1650
2530 1671
2530 1684
2530 1689
2530 1699
2530 1701
2530 1704
2530 1710
2530 1743
2530 1790
2530 1800
2530 1805
2530 1837
2530 1861
2530 1870
2530 1910
2530 1963
2530 2022
2530 2082
2530 2093
2530 2216
2530 2310
2530 2362
2530 2364
2530 2374
2530 2383
2530 2385
2530 2387
2530 2389
2530 2395
2530 2448
2530 2449
2530 2451
2530 2452
2530 2530
2530 2531
2530 2532
2530 2533
2530 2534
2530 2535
2530 2536
2530 2537
2530 2538
2530 2539
2530 2540
2530 2541
2530 2542
2530 2543
2530 2544
2530 2545
2530 2546
2530 2547
2530 2548
2530 2549
2530 2550
2530 2551
2530 2552
2530 2553
2530 2554
2530 2555
2530 2556
2530 2557
2530 2558
2530 2559
2530 2560
2530 2561
2530 2562
2530 2563
2530 2564
2530 2565
2530 2566
2530 2567
2530 2568
2530 2569
2530 2570
2530 2571
2530 2572
2530 2573
2530 2574
2530 2575
2530 2576
2530 2577
2530 2578
2530 2579
2530 2580
2530 2581
2530 2582
2530 2583
2530 2584
2530 2585
2530 2586
2530 2587
2530 2588
2530 2589
2530 2590
2530 2591
2530 2592
2530 2593
2530 2594
2530 2595
2530 2596
2530 2597
2530 2598
2530 2599
2530 2600
2530 2601
2530 2602
2530 2603
2530 2604
2530 2605
2530 2606
2530 2607
2530 2608
2530 2609
2530 2610
2530 2611
2530 2612
2530 2613
2530 2614
2530 2615
2530 2616
2530 2617
2530 2618
2530 2619
2530 2620
2530 2621
2530 2622
2530 2623
2530 2624
2530 2625
2530 2626
2530 2627
2530 2628
2530 2629
2530 2630
2530 2631
2530 2632
2546 197
2585 336
2590 3
2633 52
2633 146
2633 189
2633 222
2633 223
2633 260
2633 267
2633 305
2633 323
2633 362
2633 416
2633 456
2633 510
2633 519
2633 552
2633 618
2633 650
2633 659
2633 680
2633 782
2633 790
2633 826
2633 855
2633 964
2633 969
2633 988
2633 998
2633 1085
2633 1087
2633 1209
2633 1299
2633 1362
2633 1486
2633 1531
2633 1542
2633 1563
2633 1604
2633 1610
2633 1689
2633 1690
2633 1691
2633 1698
2633 1699
2633 1701
2633 1704
2633 1705
2633 1857
2633 2000
2633 2060
2633 2085
2633 2093
2633 2137
2633 2223
2633 2279
2633 2284
2633 2364
2633 2448
2633 2450
2633 2451
2633 2452
2633 2474
2633 2539
2633 2552
2633 2554
2633 2557
2633 2569
2633 2574
2633 2584
2633 2589
2633 2596
2633 2599
2633 2604
2633 2611
2633 2612
2633 2617
2633 2622
2633 2634
2633 2635
2633 2636
2633 2637
2633 2638
2633 2639
2633 2640
2633 2641
2633 2642
2633 2643
2633 2644
2633 2645
2633 2646
2633 2647
2633 2648
2633 2649
2633 2650
2633 2651
2633 2652
2633 2653
2633 2654
2633 2655
2670 86
2675 23
2675 2675
2678 211
2678 329
2678 330
2678 345
2678 459
2678 598
2678 604
2678 669
2678 751
2678 756
2678 830
2678 850
2678 851
2678 914
2678 918
2678 919
2678 920
2678 921
2678 922
2678 926
2678 927
2678 932
2678 934
2678 988
2678 1060
2678 1183
2678 1443
2678 1513
2678 1514
2678 1516
2678 1546
2678 1679
2678 1686
2678 1974
2678 1997
2678 2525
2678 2542
2678 2693
2678 3579
2678 3698
2678 3819
2678 3897
2679 97
2679 325
2692 429
2692 1436
2692 1437
2746 868
2746 870
2747 868
2747 870
2748 1443
2865 475
2865 476
2865 671
2865 694
2876 1140
2903 901
3083 905
3083 3083
3083 3707
3083 3708
3133 3790
3133 3791
3133 3792
3133 3793
3146 2
3368 3432
3432 1780
3526 2575
3559 1430
3711 46
3711 154
3711 189
3711 193
3711 216
3711 223
3711 281
3711 357
3711 362
3711 364
3711 390
3711 418
3711 420
3711 421
3711 517
3711 605
3711 623
3711 674
3711 761
3711 863
3711 880
3711 882
3711 950
3711 957
3711 958
3711 959
3711 986
3711 1042
3711 1050
3711 1127
3711 1198
3711 1224
3711 1234
3711 1235
3711 1287
3711 1296
3711 1326
3711 1337
3711 1342
3711 1345
3711 1346
3711 1347
3711 1348
3711 1351
3711 1352
3711 1354
3711 1357
3711 1362
3711 1368
3711 1373
3711 1416
3711 1422
3711 1445
3711 1446
3711 1447
3711 1449
3711 1450
3711 1451
3711 1452
3711 1453
3711 1454
3711 1458
3711 1460
3711 1461
3711 1464
3711 1465
3711 1467
3711 1468
3711 1469
3711 1470
3711 1474
3711 1475
3711 1476
3711 1477
3711 1478
3711 1479
3711 1480
3711 1481
3711 1482
3711 1483
3711 1484
3711 1485
3711 1486
3711 1487
3711 1488
3711 1489
3711 1490
3711 1491
3711 1492
3711 1493
3711 1495
3711 1496
3711 1498
3711 1499
3711 1501
3711 1502
3711 1503
3711 1505
3711 1506
3711 1507
3711 1508
3711 1511
3711 1512
3711 1513
3711 1514
3711 1515
3711 1516
3711 1536
3711 1542
3711 1573
3711 1600
3711 1601
3711 1603
3711 1604
3711 1606
3711 1618
3711 1656
3711 1689
3711 1954
3711 1956
3711 1978
3711 1995
3711 2001
3711 2348
3711 2364
3711 2626
3711 2628
3711 2632
3711 2636
3711 2656
3711 2693
3711 2697
3711 2698
3711 2703
3711 2705
3711 2718
3711 2907
3711 2956
3711 3072
3711 3080
3711 3089
3711 3096
3711 3616
3711 3690
3711 3699
3711 3711
3711 3713
3711 3715
3711 3716
3711 3717
3711 3718
3711 3719
3711 3720
3711 3721
3724 12
3724 822
3724 1415
3724 2311
3724 3033
3724 3722
3724 3723
3724 3724
3724 3725
3724 3726
3724 3727
3724 3728
3724 3729
3724 3730
3768 197
3770 441
3770 664
3770 858
3770 866
3770 1054
3770 1131
3770 1270
3770 1297
3770 1624
3770 1625
3770 2383
3770 2384
3770 2385
3770 2386
3770 2387
3770 2388
3770 2389
3770 2390
3775 901
3780 3781
3800 3432
